
1246833236 -2.000000e+002 4.500000e+001 -2.702864e+001 5.794978e+000 -2.000000e+002 4.500000e+001 -2.000000e+002 4.500000e+001
1272108887.6475 -2.000000e+002 4.500000e+001 -2.666483e+001 -1.046053e+002 -2.000000e+002 4.500000e+001 -2.000000e+002 4.500000e+001
1297384539.295 -2.000000e+002 4.500000e+001 -2.520496e+001 1.223559e+002 -2.000000e+002 4.500000e+001 -2.000000e+002 4.500000e+001
1322660190.9425 -2.000000e+002 4.500000e+001 -3.053041e+001 -2.067593e+001 -2.000000e+002 4.500000e+001 -2.000000e+002 4.500000e+001
1347935842.59 -2.000000e+002 4.500000e+001 -3.345747e+001 -9.313096e+001 -2.000000e+002 4.500000e+001 -2.000000e+002 4.500000e+001
1373211494.2375 -2.000000e+002 4.500000e+001 -3.233321e+001 1.707328e+002 -2.000000e+002 4.500000e+001 -2.000000e+002 4.500000e+001
1398487145.885 -2.000000e+002 4.500000e+001 -2.706809e+001 5.438771e+001 -2.000000e+002 4.500000e+001 -2.000000e+002 4.500000e+001
1423762797.5325 -2.000000e+002 4.500000e+001 -3.009059e+001 -6.375480e+001 -2.000000e+002 4.500000e+001 -2.000000e+002 4.500000e+001
1449038449.18 -2.000000e+002 4.500000e+001 -3.005137e+001 -1.768665e+002 -2.000000e+002 4.500000e+001 -2.000000e+002 4.500000e+001
1474314100.8275 -2.000000e+002 4.500000e+001 -2.663736e+001 6.445831e+001 -2.000000e+002 4.500000e+001 -2.000000e+002 4.500000e+001
1499589752.475 -2.000000e+002 4.500000e+001 -2.825560e+001 -7.488109e+001 -2.000000e+002 4.500000e+001 -2.000000e+002 4.500000e+001
1524865404.1225 -2.000000e+002 4.500000e+001 -3.363858e+001 1.618063e+002 -2.000000e+002 4.500000e+001 -2.000000e+002 4.500000e+001
1550141055.77 -2.000000e+002 4.500000e+001 -3.549705e+001 5.051980e+001 -2.000000e+002 4.500000e+001 -2.000000e+002 4.500000e+001
1575416707.4175 -2.000000e+002 4.500000e+001 -3.781459e+001 -5.675194e+001 -2.000000e+002 4.500000e+001 -2.000000e+002 4.500000e+001
1600692359.065 -2.000000e+002 4.500000e+001 -4.340604e+001 1.718490e+002 -2.000000e+002 4.500000e+001 -2.000000e+002 4.500000e+001
1625968010.7125 -2.000000e+002 4.500000e+001 -5.037435e+001 -7.155742e+001 -2.000000e+002 4.500000e+001 -2.000000e+002 4.500000e+001
1651243662.36 -2.000000e+002 4.500000e+001 -4.035881e+001 5.458927e+001 -2.000000e+002 4.500000e+001 -2.000000e+002 4.500000e+001
1676519314.0075 -2.000000e+002 4.500000e+001 -4.899662e+001 2.056692e+001 -2.000000e+002 4.500000e+001 -2.000000e+002 4.500000e+001
1701794965.655 -2.000000e+002 4.500000e+001 -3.883120e+001 -1.009704e+002 -2.000000e+002 4.500000e+001 -2.000000e+002 4.500000e+001
1727070617.3025 -2.000000e+002 4.500000e+001 -3.463426e+001 1.455155e+002 -2.000000e+002 4.500000e+001 -2.000000e+002 4.500000e+001
1752346268.95 -2.000000e+002 4.500000e+001 -3.239126e+001 2.084842e+001 -2.000000e+002 4.500000e+001 -2.000000e+002 4.500000e+001
1777621920.5975 -2.000000e+002 4.500000e+001 -3.076232e+001 -9.154879e+001 -2.000000e+002 4.500000e+001 -2.000000e+002 4.500000e+001
1802897572.245 -2.000000e+002 4.500000e+001 -3.017333e+001 1.597701e+002 -2.000000e+002 4.500000e+001 -2.000000e+002 4.500000e+001
1828173223.8925 -2.000000e+002 4.500000e+001 -2.810385e+001 3.503273e+001 -2.000000e+002 4.500000e+001 -2.000000e+002 4.500000e+001
1853448875.54 -2.000000e+002 4.500000e+001 -2.666759e+001 -7.573735e+001 -2.000000e+002 4.500000e+001 -2.000000e+002 4.500000e+001
1878724527.1875 -2.000000e+002 4.500000e+001 -2.619590e+001 1.475461e+002 -2.000000e+002 4.500000e+001 -2.000000e+002 4.500000e+001
1904000178.835 -2.000000e+002 4.500000e+001 -2.662198e+001 3.265457e+001 -2.000000e+002 4.500000e+001 -2.000000e+002 4.500000e+001
1929275830.4825 -2.000000e+002 4.500000e+001 -2.762360e+001 -9.246865e+001 -2.000000e+002 4.500000e+001 -2.000000e+002 4.500000e+001
1954551482.13 -2.000000e+002 4.500000e+001 -2.802847e+001 1.445907e+002 -2.000000e+002 4.500000e+001 -2.000000e+002 4.500000e+001
1979827133.7775 -2.000000e+002 4.500000e+001 -2.920126e+001 2.685047e+001 -2.000000e+002 4.500000e+001 -2.000000e+002 4.500000e+001
2005102785.425 -2.000000e+002 4.500000e+001 -3.079930e+001 -9.843409e+001 -2.000000e+002 4.500000e+001 -2.000000e+002 4.500000e+001
2030378437.0725 -2.000000e+002 4.500000e+001 -3.147357e+001 1.414474e+002 -2.000000e+002 4.500000e+001 -2.000000e+002 4.500000e+001
2055654088.72 -2.000000e+002 4.500000e+001 -3.268367e+001 1.585496e+001 -2.000000e+002 4.500000e+001 -2.000000e+002 4.500000e+001
2080929740.3675 -2.000000e+002 4.500000e+001 -3.510049e+001 -1.004418e+002 -2.000000e+002 4.500000e+001 -2.000000e+002 4.500000e+001
2106205392.015 -2.000000e+002 4.500000e+001 -3.757020e+001 1.544055e+002 -2.000000e+002 4.500000e+001 -2.000000e+002 4.500000e+001
2131481043.6625 -2.000000e+002 4.500000e+001 -3.408203e+001 8.225492e+000 -2.000000e+002 4.500000e+001 -2.000000e+002 4.500000e+001
2156756695.31 -2.000000e+002 4.500000e+001 -3.476874e+001 -1.363956e+002 -2.000000e+002 4.500000e+001 -2.000000e+002 4.500000e+001
2182032346.9575 -2.000000e+002 4.500000e+001 -3.521194e+001 7.930101e+001 -2.000000e+002 4.500000e+001 -2.000000e+002 4.500000e+001
2207307998.605 -2.000000e+002 4.500000e+001 -3.799812e+001 -6.231207e+001 -2.000000e+002 4.500000e+001 -2.000000e+002 4.500000e+001
2232583650.2525 -2.000000e+002 4.500000e+001 -3.445315e+001 -1.683619e+002 -2.000000e+002 4.500000e+001 -2.000000e+002 4.500000e+001
2257859301.9 -2.000000e+002 4.500000e+001 -3.187629e+001 5.402824e+001 -2.000000e+002 4.500000e+001 -2.000000e+002 4.500000e+001
2283134953.5475 -2.000000e+002 4.500000e+001 -2.941511e+001 -7.970865e+001 -2.000000e+002 4.500000e+001 -2.000000e+002 4.500000e+001
2308410605.195 -2.000000e+002 4.500000e+001 -2.773867e+001 1.449966e+002 -2.000000e+002 4.500000e+001 -2.000000e+002 4.500000e+001
2333686256.8425 -2.000000e+002 4.500000e+001 -2.745930e+001 1.093582e+001 -2.000000e+002 4.500000e+001 -2.000000e+002 4.500000e+001
2358961908.49 -2.000000e+002 4.500000e+001 -2.779303e+001 -1.277078e+002 -2.000000e+002 4.500000e+001 -2.000000e+002 4.500000e+001
2384237560.1375 -2.000000e+002 4.500000e+001 -3.001455e+001 1.094844e+002 -2.000000e+002 4.500000e+001 -2.000000e+002 4.500000e+001
2409513211.785 -2.000000e+002 4.500000e+001 -3.177472e+001 2.170651e+000 -2.000000e+002 4.500000e+001 -2.000000e+002 4.500000e+001
2434788863.4325 -2.000000e+002 4.500000e+001 -2.927105e+001 -1.156855e+002 -2.000000e+002 4.500000e+001 -2.000000e+002 4.500000e+001
2460064515.08 -2.000000e+002 4.500000e+001 -2.960112e+001 1.239125e+002 -2.000000e+002 4.500000e+001 -2.000000e+002 4.500000e+001
2485340166.7275 -2.000000e+002 4.500000e+001 -2.749694e+001 1.105275e+001 -2.000000e+002 4.500000e+001 -2.000000e+002 4.500000e+001
2510615818.375 -2.000000e+002 4.500000e+001 -2.657774e+001 -1.146175e+002 -2.000000e+002 4.500000e+001 -2.000000e+002 4.500000e+001
2535891470.0225 -2.000000e+002 4.500000e+001 -2.716008e+001 1.208485e+002 -2.000000e+002 4.500000e+001 -2.000000e+002 4.500000e+001
2561167121.67 -2.000000e+002 4.500000e+001 -2.787002e+001 9.350086e-001 -2.000000e+002 4.500000e+001 -2.000000e+002 4.500000e+001
2586442773.3175 -2.000000e+002 4.500000e+001 -2.697677e+001 -1.151499e+002 -2.000000e+002 4.500000e+001 -2.000000e+002 4.500000e+001
2611718424.965 -2.000000e+002 4.500000e+001 -2.735683e+001 1.220990e+002 -2.000000e+002 4.500000e+001 -2.000000e+002 4.500000e+001
2636994076.6125 -2.000000e+002 4.500000e+001 -2.818775e+001 5.714147e+000 -2.000000e+002 4.500000e+001 -2.000000e+002 4.500000e+001
2662269728.26 -2.000000e+002 4.500000e+001 -2.847033e+001 -1.072967e+002 -2.000000e+002 4.500000e+001 -2.000000e+002 4.500000e+001
2687545379.9075 -2.000000e+002 4.500000e+001 -2.708496e+001 1.281937e+002 -2.000000e+002 4.500000e+001 -2.000000e+002 4.500000e+001
2712821031.555 -2.000000e+002 4.500000e+001 -2.689612e+001 6.644247e+000 -2.000000e+002 4.500000e+001 -2.000000e+002 4.500000e+001
2738096683.2025 -2.000000e+002 4.500000e+001 -2.785438e+001 -1.202026e+002 -2.000000e+002 4.500000e+001 -2.000000e+002 4.500000e+001
2763372334.85 -2.000000e+002 4.500000e+001 -3.034347e+001 1.166950e+002 -2.000000e+002 4.500000e+001 -2.000000e+002 4.500000e+001
2788647986.4975 -2.000000e+002 4.500000e+001 -2.938207e+001 6.596190e+000 -2.000000e+002 4.500000e+001 -2.000000e+002 4.500000e+001
2813923638.145 -2.000000e+002 4.500000e+001 -3.261478e+001 -1.072052e+002 -2.000000e+002 4.500000e+001 -2.000000e+002 4.500000e+001
2839199289.7925 -2.000000e+002 4.500000e+001 -3.347750e+001 1.460898e+002 -2.000000e+002 4.500000e+001 -2.000000e+002 4.500000e+001
2864474941.44 -2.000000e+002 4.500000e+001 -3.289425e+001 4.337965e+001 -2.000000e+002 4.500000e+001 -2.000000e+002 4.500000e+001
2889750593.0875 -2.000000e+002 4.500000e+001 -3.187479e+001 -6.904980e+001 -2.000000e+002 4.500000e+001 -2.000000e+002 4.500000e+001
2915026244.735 -2.000000e+002 4.500000e+001 -3.137299e+001 1.796202e+002 -2.000000e+002 4.500000e+001 -2.000000e+002 4.500000e+001
2940301896.3825 -2.000000e+002 4.500000e+001 -2.991047e+001 6.344888e+001 -2.000000e+002 4.500000e+001 -2.000000e+002 4.500000e+001
2965577548.03 -2.000000e+002 4.500000e+001 -2.959675e+001 -5.355157e+001 -2.000000e+002 4.500000e+001 -2.000000e+002 4.500000e+001
2990853199.6775 -2.000000e+002 4.500000e+001 -2.961991e+001 -1.795328e+002 -2.000000e+002 4.500000e+001 -2.000000e+002 4.500000e+001
3016128851.325 -2.000000e+002 4.500000e+001 -3.186558e+001 6.443190e+001 -2.000000e+002 4.500000e+001 -2.000000e+002 4.500000e+001
3041404502.9725 -2.000000e+002 4.500000e+001 -3.112564e+001 -3.022826e+001 -2.000000e+002 4.500000e+001 -2.000000e+002 4.500000e+001
3066680154.62 -2.000000e+002 4.500000e+001 -3.150723e+001 -1.410345e+002 -2.000000e+002 4.500000e+001 -2.000000e+002 4.500000e+001
3091955806.2675 -2.000000e+002 4.500000e+001 -3.082365e+001 1.033621e+002 -2.000000e+002 4.500000e+001 -2.000000e+002 4.500000e+001
3117231457.915 -2.000000e+002 4.500000e+001 -3.141668e+001 -9.640782e+000 -2.000000e+002 4.500000e+001 -2.000000e+002 4.500000e+001
3142507109.5625 -2.000000e+002 4.500000e+001 -3.102172e+001 -1.192271e+002 -2.000000e+002 4.500000e+001 -2.000000e+002 4.500000e+001
3167782761.21 -2.000000e+002 4.500000e+001 -3.098817e+001 1.371971e+002 -2.000000e+002 4.500000e+001 -2.000000e+002 4.500000e+001
3193058412.8575 -2.000000e+002 4.500000e+001 -2.824851e+001 2.173678e+001 -2.000000e+002 4.500000e+001 -2.000000e+002 4.500000e+001
3218334064.505 -2.000000e+002 4.500000e+001 -2.826541e+001 -1.024419e+002 -2.000000e+002 4.500000e+001 -2.000000e+002 4.500000e+001
3243609716.1525 -2.000000e+002 4.500000e+001 -2.932044e+001 1.415775e+002 -2.000000e+002 4.500000e+001 -2.000000e+002 4.500000e+001
3268885367.8 -2.000000e+002 4.500000e+001 -2.965421e+001 3.085615e+001 -2.000000e+002 4.500000e+001 -2.000000e+002 4.500000e+001
3294161019.4475 -2.000000e+002 4.500000e+001 -2.901299e+001 -7.394015e+001 -2.000000e+002 4.500000e+001 -2.000000e+002 4.500000e+001
3319436671.095 -2.000000e+002 4.500000e+001 -2.847727e+001 1.632835e+002 -2.000000e+002 4.500000e+001 -2.000000e+002 4.500000e+001
3344712322.7425 -2.000000e+002 4.500000e+001 -3.031746e+001 4.816879e+001 -2.000000e+002 4.500000e+001 -2.000000e+002 4.500000e+001
3369987974.39 -2.000000e+002 4.500000e+001 -3.081064e+001 -5.779216e+001 -2.000000e+002 4.500000e+001 -2.000000e+002 4.500000e+001
3395263626.0375 -2.000000e+002 4.500000e+001 -3.255199e+001 -1.634357e+002 -2.000000e+002 4.500000e+001 -2.000000e+002 4.500000e+001
3420539277.685 -2.000000e+002 4.500000e+001 -3.119638e+001 9.581553e+001 -2.000000e+002 4.500000e+001 -2.000000e+002 4.500000e+001
3445814929.3325 -2.000000e+002 4.500000e+001 -3.178306e+001 -1.598795e+001 -2.000000e+002 4.500000e+001 -2.000000e+002 4.500000e+001
3471090580.98 -2.000000e+002 4.500000e+001 -3.166597e+001 -1.245709e+002 -2.000000e+002 4.500000e+001 -2.000000e+002 4.500000e+001
3496366232.6275 -2.000000e+002 4.500000e+001 -3.055107e+001 1.269794e+002 -2.000000e+002 4.500000e+001 -2.000000e+002 4.500000e+001
3521641884.275 -2.000000e+002 4.500000e+001 -3.140198e+001 1.634221e+001 -2.000000e+002 4.500000e+001 -2.000000e+002 4.500000e+001
3546917535.9225 -2.000000e+002 4.500000e+001 -3.072811e+001 -9.034485e+001 -2.000000e+002 4.500000e+001 -2.000000e+002 4.500000e+001
3572193187.57 -2.000000e+002 4.500000e+001 -2.982851e+001 1.532607e+002 -2.000000e+002 4.500000e+001 -2.000000e+002 4.500000e+001
3597468839.2175 -2.000000e+002 4.500000e+001 -3.042846e+001 4.299234e+001 -2.000000e+002 4.500000e+001 -2.000000e+002 4.500000e+001
3622744490.865 -2.000000e+002 4.500000e+001 -2.944620e+001 -7.189931e+001 -2.000000e+002 4.500000e+001 -2.000000e+002 4.500000e+001
3648020142.5125 -2.000000e+002 4.500000e+001 -3.034048e+001 1.637697e+002 -2.000000e+002 4.500000e+001 -2.000000e+002 4.500000e+001
3673295794.16 -2.000000e+002 4.500000e+001 -3.281604e+001 5.162329e+001 -2.000000e+002 4.500000e+001 -2.000000e+002 4.500000e+001
3698571445.8075 -2.000000e+002 4.500000e+001 -3.434568e+001 -5.195881e+001 -2.000000e+002 4.500000e+001 -2.000000e+002 4.500000e+001
3723847097.455 -2.000000e+002 4.500000e+001 -3.641034e+001 -1.564138e+002 -2.000000e+002 4.500000e+001 -2.000000e+002 4.500000e+001
3749122749.1025 -2.000000e+002 4.500000e+001 -3.705225e+001 1.102679e+002 -2.000000e+002 4.500000e+001 -2.000000e+002 4.500000e+001
3774398400.75 -2.000000e+002 4.500000e+001 -3.672066e+001 1.236782e+001 -2.000000e+002 4.500000e+001 -2.000000e+002 4.500000e+001
3799674052.3975 -2.000000e+002 4.500000e+001 -3.511129e+001 -9.147319e+001 -2.000000e+002 4.500000e+001 -2.000000e+002 4.500000e+001
3824949704.045 -2.000000e+002 4.500000e+001 -3.510276e+001 1.554410e+002 -2.000000e+002 4.500000e+001 -2.000000e+002 4.500000e+001
3850225355.6925 -2.000000e+002 4.500000e+001 -3.641228e+001 4.405967e+001 -2.000000e+002 4.500000e+001 -2.000000e+002 4.500000e+001
3875501007.34 -2.000000e+002 4.500000e+001 -3.724208e+001 -6.585831e+001 -2.000000e+002 4.500000e+001 -2.000000e+002 4.500000e+001
3900776658.9875 -2.000000e+002 4.500000e+001 -3.873129e+001 -1.671527e+002 -2.000000e+002 4.500000e+001 -2.000000e+002 4.500000e+001
3926052310.635 -2.000000e+002 4.500000e+001 -3.842889e+001 9.874545e+001 -2.000000e+002 4.500000e+001 -2.000000e+002 4.500000e+001
3951327962.2825 -2.000000e+002 4.500000e+001 -3.555731e+001 -1.466925e+001 -2.000000e+002 4.500000e+001 -2.000000e+002 4.500000e+001
3976603613.93 -2.000000e+002 4.500000e+001 -3.450386e+001 -1.420395e+002 -2.000000e+002 4.500000e+001 -2.000000e+002 4.500000e+001
4001879265.5775 -2.000000e+002 4.500000e+001 -3.626850e+001 9.124258e+001 -2.000000e+002 4.500000e+001 -2.000000e+002 4.500000e+001
4027154917.225 -2.000000e+002 4.500000e+001 -3.994720e+001 -3.374950e+001 -2.000000e+002 4.500000e+001 -2.000000e+002 4.500000e+001
4052430568.8725 -2.000000e+002 4.500000e+001 -4.622543e+001 -1.366609e+002 -2.000000e+002 4.500000e+001 -2.000000e+002 4.500000e+001
4077706220.52 -2.000000e+002 4.500000e+001 -4.977819e+001 -1.697329e+002 -2.000000e+002 4.500000e+001 -2.000000e+002 4.500000e+001
4102981872.1675 -2.000000e+002 4.500000e+001 -4.015172e+001 7.532195e+001 -2.000000e+002 4.500000e+001 -2.000000e+002 4.500000e+001
4128257523.815 -2.000000e+002 4.500000e+001 -3.950066e+001 -6.426006e+001 -2.000000e+002 4.500000e+001 -2.000000e+002 4.500000e+001
4153533175.4625 -2.000000e+002 4.500000e+001 -4.334434e+001 1.745156e+002 -2.000000e+002 4.500000e+001 -2.000000e+002 4.500000e+001
4178808827.11 -2.000000e+002 4.500000e+001 -4.319968e+001 8.297355e+001 -2.000000e+002 4.500000e+001 -2.000000e+002 4.500000e+001
4204084478.7575 -2.000000e+002 4.500000e+001 -4.275104e+001 -2.718200e+001 -2.000000e+002 4.500000e+001 -2.000000e+002 4.500000e+001
4229360130.405 -2.000000e+002 4.500000e+001 -4.435737e+001 -1.578777e+002 -2.000000e+002 4.500000e+001 -2.000000e+002 4.500000e+001
4254635782.0525 -2.000000e+002 4.500000e+001 -4.739248e+001 1.017882e+002 -2.000000e+002 4.500000e+001 -2.000000e+002 4.500000e+001
4279911433.7 -2.000000e+002 4.500000e+001 -5.201453e+001 1.437095e+000 -2.000000e+002 4.500000e+001 -2.000000e+002 4.500000e+001
4305187085.3475 -2.000000e+002 4.500000e+001 -5.256169e+001 -5.939853e+001 -2.000000e+002 4.500000e+001 -2.000000e+002 4.500000e+001
4330462736.995 -2.000000e+002 4.500000e+001 -4.886317e+001 -1.410819e+002 -2.000000e+002 4.500000e+001 -2.000000e+002 4.500000e+001
4355738388.6425 -2.000000e+002 4.500000e+001 -4.342249e+001 9.811872e+001 -2.000000e+002 4.500000e+001 -2.000000e+002 4.500000e+001
4381014040.29 -2.000000e+002 4.500000e+001 -4.218629e+001 -2.299409e+001 -2.000000e+002 4.500000e+001 -2.000000e+002 4.500000e+001
4406289691.9375 -2.000000e+002 4.500000e+001 -4.390007e+001 -1.356232e+002 -2.000000e+002 4.500000e+001 -2.000000e+002 4.500000e+001
4431565343.585 -2.000000e+002 4.500000e+001 -4.167368e+001 1.319169e+002 -2.000000e+002 4.500000e+001 -2.000000e+002 4.500000e+001
4456840995.2325 -2.000000e+002 4.500000e+001 -3.945494e+001 1.218324e+001 -2.000000e+002 4.500000e+001 -2.000000e+002 4.500000e+001
4482116646.88 -2.000000e+002 4.500000e+001 -3.874688e+001 -1.091607e+002 -2.000000e+002 4.500000e+001 -2.000000e+002 4.500000e+001
4507392298.5275 -2.000000e+002 4.500000e+001 -3.842500e+001 1.372337e+002 -2.000000e+002 4.500000e+001 -2.000000e+002 4.500000e+001
4532667950.175 -2.000000e+002 4.500000e+001 -3.658343e+001 2.847836e+001 -2.000000e+002 4.500000e+001 -2.000000e+002 4.500000e+001
4557943601.8225 -2.000000e+002 4.500000e+001 -3.598783e+001 -1.041655e+002 -2.000000e+002 4.500000e+001 -2.000000e+002 4.500000e+001
4583219253.47 -2.000000e+002 4.500000e+001 -3.696862e+001 1.295283e+002 -2.000000e+002 4.500000e+001 -2.000000e+002 4.500000e+001
4608494905.1175 -2.000000e+002 4.500000e+001 -3.965808e+001 2.931412e+000 -2.000000e+002 4.500000e+001 -2.000000e+002 4.500000e+001
4633770556.765 -2.000000e+002 4.500000e+001 -4.192169e+001 -1.091643e+002 -2.000000e+002 4.500000e+001 -2.000000e+002 4.500000e+001
4659046208.4125 -2.000000e+002 4.500000e+001 -4.413813e+001 1.476721e+002 -2.000000e+002 4.500000e+001 -2.000000e+002 4.500000e+001
4684321860.06 -2.000000e+002 4.500000e+001 -4.490134e+001 4.831952e+001 -2.000000e+002 4.500000e+001 -2.000000e+002 4.500000e+001
4709597511.7075 -2.000000e+002 4.500000e+001 -4.366973e+001 -6.240130e+001 -2.000000e+002 4.500000e+001 -2.000000e+002 4.500000e+001
4734873163.355 -2.000000e+002 4.500000e+001 -4.445186e+001 1.792842e+002 -2.000000e+002 4.500000e+001 -2.000000e+002 4.500000e+001
4760148815.0025 -2.000000e+002 4.500000e+001 -4.937377e+001 5.223007e+001 -2.000000e+002 4.500000e+001 -2.000000e+002 4.500000e+001
4785424466.65 -2.000000e+002 4.500000e+001 -5.549226e+001 -2.863408e+001 -2.000000e+002 4.500000e+001 -2.000000e+002 4.500000e+001
4810700118.2975 -2.000000e+002 4.500000e+001 -5.538253e+001 -1.772205e+001 -2.000000e+002 4.500000e+001 -2.000000e+002 4.500000e+001
4835975769.945 -2.000000e+002 4.500000e+001 -4.602643e+001 -1.360097e+002 -2.000000e+002 4.500000e+001 -2.000000e+002 4.500000e+001
4861251421.5925 -2.000000e+002 4.500000e+001 -4.297683e+001 9.730238e+001 -2.000000e+002 4.500000e+001 -2.000000e+002 4.500000e+001
4886527073.24 -2.000000e+002 4.500000e+001 -4.051449e+001 -2.355155e+001 -2.000000e+002 4.500000e+001 -2.000000e+002 4.500000e+001
4911802724.8875 -2.000000e+002 4.500000e+001 -3.952478e+001 -1.391690e+002 -2.000000e+002 4.500000e+001 -2.000000e+002 4.500000e+001
4937078376.535 -2.000000e+002 4.500000e+001 -3.945564e+001 9.626787e+001 -2.000000e+002 4.500000e+001 -2.000000e+002 4.500000e+001
4962354028.1825 -2.000000e+002 4.500000e+001 -4.003979e+001 -1.366721e+001 -2.000000e+002 4.500000e+001 -2.000000e+002 4.500000e+001
4987629679.83 -2.000000e+002 4.500000e+001 -4.175937e+001 -1.225496e+002 -2.000000e+002 4.500000e+001 -2.000000e+002 4.500000e+001
5012905331.4775 -2.000000e+002 4.500000e+001 -4.072218e+001 1.315448e+002 -2.000000e+002 4.500000e+001 -2.000000e+002 4.500000e+001
5038180983.125 -2.000000e+002 4.500000e+001 -4.146684e+001 2.267470e+001 -2.000000e+002 4.500000e+001 -2.000000e+002 4.500000e+001
5063456634.7725 -2.000000e+002 4.500000e+001 -4.121562e+001 -8.817148e+001 -2.000000e+002 4.500000e+001 -2.000000e+002 4.500000e+001
5088732286.42 -2.000000e+002 4.500000e+001 -4.175380e+001 1.645842e+002 -2.000000e+002 4.500000e+001 -2.000000e+002 4.500000e+001
5114007938.0675 -2.000000e+002 4.500000e+001 -4.194774e+001 4.712880e+001 -2.000000e+002 4.500000e+001 -2.000000e+002 4.500000e+001
5139283589.715 -2.000000e+002 4.500000e+001 -4.284485e+001 -6.417471e+001 -2.000000e+002 4.500000e+001 -2.000000e+002 4.500000e+001
5164559241.3625 -2.000000e+002 4.500000e+001 -4.328861e+001 1.662148e+002 -2.000000e+002 4.500000e+001 -2.000000e+002 4.500000e+001
5189834893.01 -2.000000e+002 4.500000e+001 -4.732278e+001 3.795278e+001 -2.000000e+002 4.500000e+001 -2.000000e+002 4.500000e+001
5215110544.6575 -2.000000e+002 4.500000e+001 -4.593893e+001 -1.262668e+002 -2.000000e+002 4.500000e+001 -2.000000e+002 4.500000e+001
5240386196.305 -2.000000e+002 4.500000e+001 -4.671619e+001 4.914754e+001 -2.000000e+002 4.500000e+001 -2.000000e+002 4.500000e+001
5265661847.9525 -2.000000e+002 4.500000e+001 -4.382219e+001 -8.615733e+001 -2.000000e+002 4.500000e+001 -2.000000e+002 4.500000e+001
5290937499.6 -2.000000e+002 4.500000e+001 -4.095163e+001 1.332490e+002 -2.000000e+002 4.500000e+001 -2.000000e+002 4.500000e+001
5316213151.2475 -2.000000e+002 4.500000e+001 -4.108450e+001 1.158386e+001 -2.000000e+002 4.500000e+001 -2.000000e+002 4.500000e+001
5341488802.895 -2.000000e+002 4.500000e+001 -3.976653e+001 -1.066208e+002 -2.000000e+002 4.500000e+001 -2.000000e+002 4.500000e+001
5366764454.5425 -2.000000e+002 4.500000e+001 -3.945535e+001 1.342712e+002 -2.000000e+002 4.500000e+001 -2.000000e+002 4.500000e+001
5392040106.19 -2.000000e+002 4.500000e+001 -3.861751e+001 1.828328e+001 -2.000000e+002 4.500000e+001 -2.000000e+002 4.500000e+001
5417315757.8375 -2.000000e+002 4.500000e+001 -3.918705e+001 -1.024829e+002 -2.000000e+002 4.500000e+001 -2.000000e+002 4.500000e+001
5442591409.485 -2.000000e+002 4.500000e+001 -3.936579e+001 1.424869e+002 -2.000000e+002 4.500000e+001 -2.000000e+002 4.500000e+001
5467867061.1325 -2.000000e+002 4.500000e+001 -4.003555e+001 2.992828e+001 -2.000000e+002 4.500000e+001 -2.000000e+002 4.500000e+001
5493142712.78 -2.000000e+002 4.500000e+001 -3.962775e+001 -7.750904e+001 -2.000000e+002 4.500000e+001 -2.000000e+002 4.500000e+001
5518418364.4275 -2.000000e+002 4.500000e+001 -4.021964e+001 1.673010e+002 -2.000000e+002 4.500000e+001 -2.000000e+002 4.500000e+001
5543694016.075 -2.000000e+002 4.500000e+001 -3.996184e+001 6.490444e+001 -2.000000e+002 4.500000e+001 -2.000000e+002 4.500000e+001
5568969667.7225 -2.000000e+002 4.500000e+001 -3.938984e+001 -4.397991e+001 -2.000000e+002 4.500000e+001 -2.000000e+002 4.500000e+001
5594245319.37 -2.000000e+002 4.500000e+001 -3.930948e+001 -1.631495e+002 -2.000000e+002 4.500000e+001 -2.000000e+002 4.500000e+001
5619520971.0175 -2.000000e+002 4.500000e+001 -4.158968e+001 8.672612e+001 -2.000000e+002 4.500000e+001 -2.000000e+002 4.500000e+001
5644796622.665 -2.000000e+002 4.500000e+001 -4.197285e+001 -1.002021e+001 -2.000000e+002 4.500000e+001 -2.000000e+002 4.500000e+001
5670072274.3125 -2.000000e+002 4.500000e+001 -4.066383e+001 -1.199127e+002 -2.000000e+002 4.500000e+001 -2.000000e+002 4.500000e+001
5695347925.96 -2.000000e+002 4.500000e+001 -4.043315e+001 1.184777e+002 -2.000000e+002 4.500000e+001 -2.000000e+002 4.500000e+001
5720623577.6075 -2.000000e+002 4.500000e+001 -4.114502e+001 -6.959261e+000 -2.000000e+002 4.500000e+001 -2.000000e+002 4.500000e+001
5745899229.255 -2.000000e+002 4.500000e+001 -4.290850e+001 -1.482690e+002 -2.000000e+002 4.500000e+001 -2.000000e+002 4.500000e+001
5771174880.9025 -2.000000e+002 4.500000e+001 -4.483060e+001 5.187905e+001 -2.000000e+002 4.500000e+001 -2.000000e+002 4.500000e+001
5796450532.55 -2.000000e+002 4.500000e+001 -4.415978e+001 -1.040633e+002 -2.000000e+002 4.500000e+001 -2.000000e+002 4.500000e+001
5821726184.1975 -2.000000e+002 4.500000e+001 -4.271534e+001 1.158509e+002 -2.000000e+002 4.500000e+001 -2.000000e+002 4.500000e+001
5847001835.845 -2.000000e+002 4.500000e+001 -4.136484e+001 -1.523355e+001 -2.000000e+002 4.500000e+001 -2.000000e+002 4.500000e+001
5872277487.4925 -2.000000e+002 4.500000e+001 -4.169725e+001 -1.425177e+002 -2.000000e+002 4.500000e+001 -2.000000e+002 4.500000e+001
5897553139.14 -2.000000e+002 4.500000e+001 -4.436366e+001 1.090591e+002 -2.000000e+002 4.500000e+001 -2.000000e+002 4.500000e+001
5922828790.7875 -2.000000e+002 4.500000e+001 -4.459910e+001 2.130077e+001 -2.000000e+002 4.500000e+001 -2.000000e+002 4.500000e+001
5948104442.435 -2.000000e+002 4.500000e+001 -4.112950e+001 -8.385545e+001 -2.000000e+002 4.500000e+001 -2.000000e+002 4.500000e+001
5973380094.0825 -2.000000e+002 4.500000e+001 -4.035030e+001 1.562316e+002 -2.000000e+002 4.500000e+001 -2.000000e+002 4.500000e+001
5998655745.73 -2.000000e+002 4.500000e+001 -4.034971e+001 4.455467e+001 -2.000000e+002 4.500000e+001 -2.000000e+002 4.500000e+001
6023931397.3775 -2.000000e+002 4.500000e+001 -4.071404e+001 -7.216160e+001 -2.000000e+002 4.500000e+001 -2.000000e+002 4.500000e+001
6049207049.025 -2.000000e+002 4.500000e+001 -4.164762e+001 1.664097e+002 -2.000000e+002 4.500000e+001 -2.000000e+002 4.500000e+001
6074482700.6725 -2.000000e+002 4.500000e+001 -4.341193e+001 4.500707e+001 -2.000000e+002 4.500000e+001 -2.000000e+002 4.500000e+001
6099758352.32 -2.000000e+002 4.500000e+001 -4.867436e+001 -8.867367e+001 -2.000000e+002 4.500000e+001 -2.000000e+002 4.500000e+001
6125034003.9675 -2.000000e+002 4.500000e+001 -5.322079e+001 1.290825e+002 -2.000000e+002 4.500000e+001 -2.000000e+002 4.500000e+001
6150309655.615 -2.000000e+002 4.500000e+001 -5.694338e+001 -8.863377e+001 -2.000000e+002 4.500000e+001 -2.000000e+002 4.500000e+001
6175585307.2625 -2.000000e+002 4.500000e+001 -5.478444e+001 1.494922e+002 -2.000000e+002 4.500000e+001 -2.000000e+002 4.500000e+001
6200860958.91 -2.000000e+002 4.500000e+001 -4.911915e+001 4.177904e+000 -2.000000e+002 4.500000e+001 -2.000000e+002 4.500000e+001
6226136610.5575 -2.000000e+002 4.500000e+001 -5.332542e+001 -1.337560e+002 -2.000000e+002 4.500000e+001 -2.000000e+002 4.500000e+001
6251412262.205 -2.000000e+002 4.500000e+001 -5.657329e+001 9.793900e+001 -2.000000e+002 4.500000e+001 -2.000000e+002 4.500000e+001
6276687913.8525 -2.000000e+002 4.500000e+001 -5.995609e+001 -4.802719e+001 -2.000000e+002 4.500000e+001 -2.000000e+002 4.500000e+001
6301963565.5 -2.000000e+002 4.500000e+001 -5.913226e+001 1.317691e+002 -2.000000e+002 4.500000e+001 -2.000000e+002 4.500000e+001
6327239217.1475 -2.000000e+002 4.500000e+001 -5.563590e+001 2.443681e+001 -2.000000e+002 4.500000e+001 -2.000000e+002 4.500000e+001
6352514868.795 -2.000000e+002 4.500000e+001 -4.972321e+001 -1.092719e+002 -2.000000e+002 4.500000e+001 -2.000000e+002 4.500000e+001
6377790520.4425 -2.000000e+002 4.500000e+001 -4.763358e+001 1.390683e+002 -2.000000e+002 4.500000e+001 -2.000000e+002 4.500000e+001
6403066172.09 -2.000000e+002 4.500000e+001 -4.368380e+001 2.761419e+001 -2.000000e+002 4.500000e+001 -2.000000e+002 4.500000e+001
6428341823.7375 -2.000000e+002 4.500000e+001 -4.192902e+001 -1.003289e+002 -2.000000e+002 4.500000e+001 -2.000000e+002 4.500000e+001
6453617475.385 -2.000000e+002 4.500000e+001 -4.070013e+001 1.324619e+002 -2.000000e+002 4.500000e+001 -2.000000e+002 4.500000e+001
6478893127.0325 -2.000000e+002 4.500000e+001 -4.289693e+001 6.152205e+000 -2.000000e+002 4.500000e+001 -2.000000e+002 4.500000e+001
6504168778.68 -2.000000e+002 4.500000e+001 -4.254993e+001 -1.154298e+002 -2.000000e+002 4.500000e+001 -2.000000e+002 4.500000e+001
6529444430.3275 -2.000000e+002 4.500000e+001 -4.222538e+001 1.063658e+002 -2.000000e+002 4.500000e+001 -2.000000e+002 4.500000e+001
6554720081.975 -2.000000e+002 4.500000e+001 -4.447300e+001 -3.101882e+001 -2.000000e+002 4.500000e+001 -2.000000e+002 4.500000e+001
6579995733.6225 -2.000000e+002 4.500000e+001 -4.555796e+001 -1.596520e+002 -2.000000e+002 4.500000e+001 -2.000000e+002 4.500000e+001
6605271385.27 -2.000000e+002 4.500000e+001 -4.637351e+001 6.740266e+001 -2.000000e+002 4.500000e+001 -2.000000e+002 4.500000e+001
6630547036.9175 -2.000000e+002 4.500000e+001 -4.623886e+001 -6.419004e+001 -2.000000e+002 4.500000e+001 -2.000000e+002 4.500000e+001
6655822688.565 -2.000000e+002 4.500000e+001 -4.693512e+001 -1.770353e+002 -2.000000e+002 4.500000e+001 -2.000000e+002 4.500000e+001
6681098340.2125 -2.000000e+002 4.500000e+001 -4.625636e+001 6.025398e+001 -2.000000e+002 4.500000e+001 -2.000000e+002 4.500000e+001
6706373991.86 -2.000000e+002 4.500000e+001 -4.486813e+001 -6.085136e+001 -2.000000e+002 4.500000e+001 -2.000000e+002 4.500000e+001
6731649643.5075 -2.000000e+002 4.500000e+001 -4.446218e+001 -1.798629e+002 -2.000000e+002 4.500000e+001 -2.000000e+002 4.500000e+001
6756925295.155 -2.000000e+002 4.500000e+001 -4.274149e+001 5.345029e+001 -2.000000e+002 4.500000e+001 -2.000000e+002 4.500000e+001
6782200946.8025 -2.000000e+002 4.500000e+001 -4.227797e+001 -7.056200e+001 -2.000000e+002 4.500000e+001 -2.000000e+002 4.500000e+001
6807476598.45 -2.000000e+002 4.500000e+001 -4.053877e+001 1.519059e+002 -2.000000e+002 4.500000e+001 -2.000000e+002 4.500000e+001
6832752250.0975 -2.000000e+002 4.500000e+001 -4.032581e+001 2.602241e+001 -2.000000e+002 4.500000e+001 -2.000000e+002 4.500000e+001
6858027901.745 -2.000000e+002 4.500000e+001 -3.940566e+001 -1.056589e+002 -2.000000e+002 4.500000e+001 -2.000000e+002 4.500000e+001
6883303553.3925 -2.000000e+002 4.500000e+001 -4.016652e+001 1.334683e+002 -2.000000e+002 4.500000e+001 -2.000000e+002 4.500000e+001
6908579205.04 -2.000000e+002 4.500000e+001 -4.072240e+001 1.051173e+001 -2.000000e+002 4.500000e+001 -2.000000e+002 4.500000e+001
6933854856.6875 -2.000000e+002 4.500000e+001 -4.069551e+001 -1.029843e+002 -2.000000e+002 4.500000e+001 -2.000000e+002 4.500000e+001
6959130508.335 -2.000000e+002 4.500000e+001 -4.180381e+001 1.431885e+002 -2.000000e+002 4.500000e+001 -2.000000e+002 4.500000e+001
6984406159.9825 -2.000000e+002 4.500000e+001 -4.289297e+001 3.037707e+001 -2.000000e+002 4.500000e+001 -2.000000e+002 4.500000e+001
7009681811.63 -2.000000e+002 4.500000e+001 -4.503735e+001 -8.880888e+001 -2.000000e+002 4.500000e+001 -2.000000e+002 4.500000e+001
7034957463.2775 -2.000000e+002 4.500000e+001 -4.927023e+001 1.491896e+002 -2.000000e+002 4.500000e+001 -2.000000e+002 4.500000e+001
7060233114.925 -2.000000e+002 4.500000e+001 -8.024697e+001 7.847796e+001 -2.000000e+002 4.500000e+001 -2.000000e+002 4.500000e+001
7085508766.5725 -2.000000e+002 4.500000e+001 -5.427737e+001 6.438186e+001 -2.000000e+002 4.500000e+001 -2.000000e+002 4.500000e+001
7110784418.22 -2.000000e+002 4.500000e+001 -4.852494e+001 -1.528652e+001 -2.000000e+002 4.500000e+001 -2.000000e+002 4.500000e+001
7136060069.8675 -2.000000e+002 4.500000e+001 -4.285183e+001 -1.316530e+002 -2.000000e+002 4.500000e+001 -2.000000e+002 4.500000e+001
7161335721.515 -2.000000e+002 4.500000e+001 -4.139966e+001 1.141289e+002 -2.000000e+002 4.500000e+001 -2.000000e+002 4.500000e+001
7186611373.1625 -2.000000e+002 4.500000e+001 -4.042086e+001 -2.570090e+000 -2.000000e+002 4.500000e+001 -2.000000e+002 4.500000e+001
7211887024.81 -2.000000e+002 4.500000e+001 -3.963848e+001 -1.138734e+002 -2.000000e+002 4.500000e+001 -2.000000e+002 4.500000e+001
7237162676.4575 -2.000000e+002 4.500000e+001 -3.954771e+001 1.303177e+002 -2.000000e+002 4.500000e+001 -2.000000e+002 4.500000e+001
7262438328.105 -2.000000e+002 4.500000e+001 -4.088213e+001 1.820112e+001 -2.000000e+002 4.500000e+001 -2.000000e+002 4.500000e+001
7287713979.7525 -2.000000e+002 4.500000e+001 -4.196803e+001 -8.754487e+001 -2.000000e+002 4.500000e+001 -2.000000e+002 4.500000e+001
7312989631.4 -2.000000e+002 4.500000e+001 -4.269627e+001 1.696687e+002 -2.000000e+002 4.500000e+001 -2.000000e+002 4.500000e+001
7338265283.0475 -2.000000e+002 4.500000e+001 -4.284222e+001 6.989591e+001 -2.000000e+002 4.500000e+001 -2.000000e+002 4.500000e+001
7363540934.695 -2.000000e+002 4.500000e+001 -4.239137e+001 -2.609479e+001 -2.000000e+002 4.500000e+001 -2.000000e+002 4.500000e+001
7388816586.3425 -2.000000e+002 4.500000e+001 -4.080439e+001 -1.410537e+002 -2.000000e+002 4.500000e+001 -2.000000e+002 4.500000e+001
7414092237.99 -2.000000e+002 4.500000e+001 -4.251105e+001 1.063400e+002 -2.000000e+002 4.500000e+001 -2.000000e+002 4.500000e+001
7439367889.6375 -2.000000e+002 4.500000e+001 -4.255969e+001 6.510202e+000 -2.000000e+002 4.500000e+001 -2.000000e+002 4.500000e+001
7464643541.285 -2.000000e+002 4.500000e+001 -4.232066e+001 -1.050463e+002 -2.000000e+002 4.500000e+001 -2.000000e+002 4.500000e+001
7489919192.9325 -2.000000e+002 4.500000e+001 -4.351035e+001 1.450497e+002 -2.000000e+002 4.500000e+001 -2.000000e+002 4.500000e+001
7515194844.58 -2.000000e+002 4.500000e+001 -4.577877e+001 3.957886e+001 -2.000000e+002 4.500000e+001 -2.000000e+002 4.500000e+001
7540470496.2275 -2.000000e+002 4.500000e+001 -4.635986e+001 -4.340276e+001 -2.000000e+002 4.500000e+001 -2.000000e+002 4.500000e+001
7565746147.875 -2.000000e+002 4.500000e+001 -4.504812e+001 -1.294866e+002 -2.000000e+002 4.500000e+001 -2.000000e+002 4.500000e+001
7591021799.5225 -2.000000e+002 4.500000e+001 -4.249740e+001 1.274842e+002 -2.000000e+002 4.500000e+001 -2.000000e+002 4.500000e+001
7616297451.17 -2.000000e+002 4.500000e+001 -3.984046e+001 2.426602e+001 -2.000000e+002 4.500000e+001 -2.000000e+002 4.500000e+001
7641573102.8175 -2.000000e+002 4.500000e+001 -3.867764e+001 -9.136240e+001 -2.000000e+002 4.500000e+001 -2.000000e+002 4.500000e+001
7666848754.465 -2.000000e+002 4.500000e+001 -3.799265e+001 1.607067e+002 -2.000000e+002 4.500000e+001 -2.000000e+002 4.500000e+001
7692124406.1125 -2.000000e+002 4.500000e+001 -3.813729e+001 4.749814e+001 -2.000000e+002 4.500000e+001 -2.000000e+002 4.500000e+001
7717400057.76 -2.000000e+002 4.500000e+001 -3.678997e+001 -5.810986e+001 -2.000000e+002 4.500000e+001 -2.000000e+002 4.500000e+001
7742675709.4075 -2.000000e+002 4.500000e+001 -3.580740e+001 -1.749539e+002 -2.000000e+002 4.500000e+001 -2.000000e+002 4.500000e+001
7767951361.055 -2.000000e+002 4.500000e+001 -3.555216e+001 6.862376e+001 -2.000000e+002 4.500000e+001 -2.000000e+002 4.500000e+001
7793227012.7025 -2.000000e+002 4.500000e+001 -3.592340e+001 -4.354259e+001 -2.000000e+002 4.500000e+001 -2.000000e+002 4.500000e+001
7818502664.35 -2.000000e+002 4.500000e+001 -3.550412e+001 -1.523388e+002 -2.000000e+002 4.500000e+001 -2.000000e+002 4.500000e+001
7843778315.9975 -2.000000e+002 4.500000e+001 -3.539421e+001 9.158900e+001 -2.000000e+002 4.500000e+001 -2.000000e+002 4.500000e+001
7869053967.645 -2.000000e+002 4.500000e+001 -3.543084e+001 -2.521926e+001 -2.000000e+002 4.500000e+001 -2.000000e+002 4.500000e+001
7894329619.2925 -2.000000e+002 4.500000e+001 -3.689436e+001 -1.421317e+002 -2.000000e+002 4.500000e+001 -2.000000e+002 4.500000e+001
7919605270.94 -2.000000e+002 4.500000e+001 -3.803030e+001 1.077617e+002 -2.000000e+002 4.500000e+001 -2.000000e+002 4.500000e+001
7944880922.5875 -2.000000e+002 4.500000e+001 -3.944707e+001 -1.653825e+000 -2.000000e+002 4.500000e+001 -2.000000e+002 4.500000e+001
7970156574.235 -2.000000e+002 4.500000e+001 -4.016693e+001 -1.135671e+002 -2.000000e+002 4.500000e+001 -2.000000e+002 4.500000e+001
7995432225.8825 -2.000000e+002 4.500000e+001 -4.084966e+001 1.350987e+002 -2.000000e+002 4.500000e+001 -2.000000e+002 4.500000e+001
8020707877.53 -2.000000e+002 4.500000e+001 -4.292488e+001 1.357597e+001 -2.000000e+002 4.500000e+001 -2.000000e+002 4.500000e+001
8045983529.1775 -2.000000e+002 4.500000e+001 -4.577977e+001 -8.581785e+001 -2.000000e+002 4.500000e+001 -2.000000e+002 4.500000e+001
8071259180.825 -2.000000e+002 4.500000e+001 -4.691938e+001 1.652459e+002 -2.000000e+002 4.500000e+001 -2.000000e+002 4.500000e+001
8096534832.4725 -2.000000e+002 4.500000e+001 -4.647839e+001 6.689294e+001 -2.000000e+002 4.500000e+001 -2.000000e+002 4.500000e+001
8121810484.12 -2.000000e+002 4.500000e+001 -4.719385e+001 -5.803673e+001 -2.000000e+002 4.500000e+001 -2.000000e+002 4.500000e+001
8147086135.7675 -2.000000e+002 4.500000e+001 -4.704934e+001 -1.673051e+002 -2.000000e+002 4.500000e+001 -2.000000e+002 4.500000e+001
8172361787.415 -2.000000e+002 4.500000e+001 -4.699298e+001 7.881758e+001 -2.000000e+002 4.500000e+001 -2.000000e+002 4.500000e+001
8197637439.0625 -2.000000e+002 4.500000e+001 -4.488368e+001 -4.539287e+001 -2.000000e+002 4.500000e+001 -2.000000e+002 4.500000e+001
8222913090.71 -2.000000e+002 4.500000e+001 -4.526687e+001 -1.794255e+002 -2.000000e+002 4.500000e+001 -2.000000e+002 4.500000e+001
8248188742.3575 -2.000000e+002 4.500000e+001 -4.715498e+001 5.781918e+001 -2.000000e+002 4.500000e+001 -2.000000e+002 4.500000e+001
8273464394.005 -2.000000e+002 4.500000e+001 -4.593437e+001 -5.481928e+001 -2.000000e+002 4.500000e+001 -2.000000e+002 4.500000e+001
8298740045.6525 -2.000000e+002 4.500000e+001 -4.400221e+001 -1.786926e+002 -2.000000e+002 4.500000e+001 -2.000000e+002 4.500000e+001
8324015697.3 -2.000000e+002 4.500000e+001 -4.361400e+001 5.635120e+001 -2.000000e+002 4.500000e+001 -2.000000e+002 4.500000e+001
8349291348.9475 -2.000000e+002 4.500000e+001 -4.276706e+001 -6.877592e+001 -2.000000e+002 4.500000e+001 -2.000000e+002 4.500000e+001
8374567000.595 -2.000000e+002 4.500000e+001 -4.330457e+001 1.737352e+002 -2.000000e+002 4.500000e+001 -2.000000e+002 4.500000e+001
8399842652.2425 -2.000000e+002 4.500000e+001 -4.270112e+001 5.922966e+001 -2.000000e+002 4.500000e+001 -2.000000e+002 4.500000e+001
8425118303.89 -2.000000e+002 4.500000e+001 -4.208942e+001 -5.812463e+001 -2.000000e+002 4.500000e+001 -2.000000e+002 4.500000e+001
8450393955.5375 -2.000000e+002 4.500000e+001 -4.284016e+001 -1.718949e+002 -2.000000e+002 4.500000e+001 -2.000000e+002 4.500000e+001
8475669607.185 -2.000000e+002 4.500000e+001 -4.309270e+001 7.971778e+001 -2.000000e+002 4.500000e+001 -2.000000e+002 4.500000e+001
8500945258.8325 -2.000000e+002 4.500000e+001 -4.220604e+001 -3.376217e+001 -2.000000e+002 4.500000e+001 -2.000000e+002 4.500000e+001
8526220910.48 -2.000000e+002 4.500000e+001 -4.289474e+001 -1.514032e+002 -2.000000e+002 4.500000e+001 -2.000000e+002 4.500000e+001
8551496562.1275 -2.000000e+002 4.500000e+001 -4.377428e+001 9.937278e+001 -2.000000e+002 4.500000e+001 -2.000000e+002 4.500000e+001
8576772213.775 -2.000000e+002 4.500000e+001 -4.404108e+001 -1.296339e+001 -2.000000e+002 4.500000e+001 -2.000000e+002 4.500000e+001
8602047865.4225 -2.000000e+002 4.500000e+001 -4.437308e+001 -1.237549e+002 -2.000000e+002 4.500000e+001 -2.000000e+002 4.500000e+001
8627323517.07 -2.000000e+002 4.500000e+001 -4.413774e+001 1.335354e+002 -2.000000e+002 4.500000e+001 -2.000000e+002 4.500000e+001
8652599168.7175 -2.000000e+002 4.500000e+001 -4.353122e+001 1.644741e+001 -2.000000e+002 4.500000e+001 -2.000000e+002 4.500000e+001
8677874820.365 -2.000000e+002 4.500000e+001 -4.305797e+001 -9.394829e+001 -2.000000e+002 4.500000e+001 -2.000000e+002 4.500000e+001
8703150472.0125 -2.000000e+002 4.500000e+001 -4.288174e+001 1.472164e+002 -2.000000e+002 4.500000e+001 -2.000000e+002 4.500000e+001
8728426123.66 -2.000000e+002 4.500000e+001 -4.365921e+001 3.622773e+001 -2.000000e+002 4.500000e+001 -2.000000e+002 4.500000e+001
8753701775.3075 -2.000000e+002 4.500000e+001 -4.306352e+001 -7.253288e+001 -2.000000e+002 4.500000e+001 -2.000000e+002 4.500000e+001
8778977426.955 -2.000000e+002 4.500000e+001 -4.162518e+001 1.682958e+002 -2.000000e+002 4.500000e+001 -2.000000e+002 4.500000e+001
8804253078.6025 -2.000000e+002 4.500000e+001 -4.207258e+001 4.419005e+001 -2.000000e+002 4.500000e+001 -2.000000e+002 4.500000e+001
8829528730.25 -2.000000e+002 4.500000e+001 -4.320463e+001 -7.597398e+001 -2.000000e+002 4.500000e+001 -2.000000e+002 4.500000e+001
8854804381.8975 -2.000000e+002 4.500000e+001 -4.447289e+001 1.698021e+002 -2.000000e+002 4.500000e+001 -2.000000e+002 4.500000e+001
8880080033.545 -2.000000e+002 4.500000e+001 -4.544938e+001 5.755177e+001 -2.000000e+002 4.500000e+001 -2.000000e+002 4.500000e+001
8905355685.1925 -2.000000e+002 4.500000e+001 -4.472047e+001 -5.282244e+001 -2.000000e+002 4.500000e+001 -2.000000e+002 4.500000e+001
8930631336.84 -2.000000e+002 4.500000e+001 -4.521008e+001 -1.760962e+002 -2.000000e+002 4.500000e+001 -2.000000e+002 4.500000e+001
8955906988.4875 -2.000000e+002 4.500000e+001 -4.596565e+001 6.727837e+001 -2.000000e+002 4.500000e+001 -2.000000e+002 4.500000e+001
8981182640.135 -2.000000e+002 4.500000e+001 -4.747729e+001 -3.920325e+001 -2.000000e+002 4.500000e+001 -2.000000e+002 4.500000e+001
9006458291.7825 -2.000000e+002 4.500000e+001 -4.725413e+001 -1.431268e+002 -2.000000e+002 4.500000e+001 -2.000000e+002 4.500000e+001
9031733943.43 -2.000000e+002 4.500000e+001 -4.559116e+001 1.107618e+002 -2.000000e+002 4.500000e+001 -2.000000e+002 4.500000e+001
9057009595.0775 -2.000000e+002 4.500000e+001 -4.527324e+001 -1.229208e+001 -2.000000e+002 4.500000e+001 -2.000000e+002 4.500000e+001
9082285246.725 -2.000000e+002 4.500000e+001 -4.595562e+001 -1.260379e+002 -2.000000e+002 4.500000e+001 -2.000000e+002 4.500000e+001
9107560898.3725 -2.000000e+002 4.500000e+001 -4.695095e+001 1.251398e+002 -2.000000e+002 4.500000e+001 -2.000000e+002 4.500000e+001
9132836550.02 -2.000000e+002 4.500000e+001 -4.720041e+001 1.844607e+001 -2.000000e+002 4.500000e+001 -2.000000e+002 4.500000e+001
9158112201.6675 -2.000000e+002 4.500000e+001 -4.862756e+001 -9.381735e+001 -2.000000e+002 4.500000e+001 -2.000000e+002 4.500000e+001
9183387853.315 -2.000000e+002 4.500000e+001 -4.838088e+001 1.582814e+002 -2.000000e+002 4.500000e+001 -2.000000e+002 4.500000e+001
9208663504.9625 -2.000000e+002 4.500000e+001 -5.286757e+001 4.830333e+001 -2.000000e+002 4.500000e+001 -2.000000e+002 4.500000e+001
9233939156.61 -2.000000e+002 4.500000e+001 -5.355653e+001 -3.384007e+001 -2.000000e+002 4.500000e+001 -2.000000e+002 4.500000e+001
9259214808.2575 -2.000000e+002 4.500000e+001 -5.397690e+001 -1.259256e+002 -2.000000e+002 4.500000e+001 -2.000000e+002 4.500000e+001
9284490459.905 -2.000000e+002 4.500000e+001 -5.239448e+001 1.196627e+002 -2.000000e+002 4.500000e+001 -2.000000e+002 4.500000e+001
9309766111.5525 -2.000000e+002 4.500000e+001 -5.388806e+001 8.977495e-001 -2.000000e+002 4.500000e+001 -2.000000e+002 4.500000e+001
9335041763.2 -2.000000e+002 4.500000e+001 -5.569894e+001 -9.970760e+001 -2.000000e+002 4.500000e+001 -2.000000e+002 4.500000e+001
9360317414.8475 -2.000000e+002 4.500000e+001 -5.885513e+001 1.293011e+002 -2.000000e+002 4.500000e+001 -2.000000e+002 4.500000e+001
9385593066.495 -2.000000e+002 4.500000e+001 -6.992139e+001 5.577829e+001 -2.000000e+002 4.500000e+001 -2.000000e+002 4.500000e+001
9410868718.1425 -2.000000e+002 4.500000e+001 -6.838599e+001 9.823391e+001 -2.000000e+002 4.500000e+001 -2.000000e+002 4.500000e+001
9436144369.79 -2.000000e+002 4.500000e+001 -6.152929e+001 -6.030942e+001 -2.000000e+002 4.500000e+001 -2.000000e+002 4.500000e+001
9461420021.4375 -2.000000e+002 4.500000e+001 -5.928183e+001 -1.529225e+002 -2.000000e+002 4.500000e+001 -2.000000e+002 4.500000e+001
9486695673.085 -2.000000e+002 4.500000e+001 -5.967717e+001 1.003189e+002 -2.000000e+002 4.500000e+001 -2.000000e+002 4.500000e+001
9511971324.7325 -2.000000e+002 4.500000e+001 -5.324556e+001 -1.330686e+001 -2.000000e+002 4.500000e+001 -2.000000e+002 4.500000e+001
9537246976.38 -2.000000e+002 4.500000e+001 -5.400972e+001 -1.483229e+002 -2.000000e+002 4.500000e+001 -2.000000e+002 4.500000e+001
9562522628.0275 -2.000000e+002 4.500000e+001 -5.931939e+001 1.115413e+002 -2.000000e+002 4.500000e+001 -2.000000e+002 4.500000e+001
9587798279.675 -2.000000e+002 4.500000e+001 -5.888340e+001 1.113057e+001 -2.000000e+002 4.500000e+001 -2.000000e+002 4.500000e+001
9613073931.3225 -2.000000e+002 4.500000e+001 -6.258881e+001 -5.961604e+001 -2.000000e+002 4.500000e+001 -2.000000e+002 4.500000e+001
9638349582.97 -2.000000e+002 4.500000e+001 -5.725157e+001 -1.527383e+002 -2.000000e+002 4.500000e+001 -2.000000e+002 4.500000e+001
9663625234.6175 -2.000000e+002 4.500000e+001 -5.320741e+001 1.059017e+002 -2.000000e+002 4.500000e+001 -2.000000e+002 4.500000e+001
9688900886.265 -2.000000e+002 4.500000e+001 -5.145547e+001 -2.738569e+000 -2.000000e+002 4.500000e+001 -2.000000e+002 4.500000e+001
9714176537.9125 -2.000000e+002 4.500000e+001 -4.866253e+001 -1.178303e+002 -2.000000e+002 4.500000e+001 -2.000000e+002 4.500000e+001
9739452189.56 -2.000000e+002 4.500000e+001 -4.736897e+001 1.212777e+002 -2.000000e+002 4.500000e+001 -2.000000e+002 4.500000e+001
9764727841.2075 -2.000000e+002 4.500000e+001 -4.803004e+001 5.291349e+000 -2.000000e+002 4.500000e+001 -2.000000e+002 4.500000e+001
9790003492.855 -2.000000e+002 4.500000e+001 -4.803589e+001 -1.111543e+002 -2.000000e+002 4.500000e+001 -2.000000e+002 4.500000e+001
9815279144.5025 -2.000000e+002 4.500000e+001 -5.040840e+001 1.521592e+002 -2.000000e+002 4.500000e+001 -2.000000e+002 4.500000e+001
9840554796.15 -2.000000e+002 4.500000e+001 -4.871394e+001 4.327621e+001 -2.000000e+002 4.500000e+001 -2.000000e+002 4.500000e+001
9865830447.7975 -2.000000e+002 4.500000e+001 -5.025425e+001 -6.030064e+001 -2.000000e+002 4.500000e+001 -2.000000e+002 4.500000e+001
9891106099.445 -2.000000e+002 4.500000e+001 -4.898606e+001 -1.635453e+002 -2.000000e+002 4.500000e+001 -2.000000e+002 4.500000e+001
9916381751.0925 -2.000000e+002 4.500000e+001 -5.171486e+001 9.733712e+001 -2.000000e+002 4.500000e+001 -2.000000e+002 4.500000e+001
9941657402.74 -2.000000e+002 4.500000e+001 -4.855236e+001 -3.418664e-001 -2.000000e+002 4.500000e+001 -2.000000e+002 4.500000e+001
9966933054.3875 -2.000000e+002 4.500000e+001 -4.956336e+001 -1.070196e+002 -2.000000e+002 4.500000e+001 -2.000000e+002 4.500000e+001
9992208706.035 -2.000000e+002 4.500000e+001 -4.761308e+001 1.459812e+002 -2.000000e+002 4.500000e+001 -2.000000e+002 4.500000e+001
10017484357.683 -2.000000e+002 4.500000e+001 -5.125625e+001 4.994084e+001 -2.000000e+002 4.500000e+001 -2.000000e+002 4.500000e+001
10042760009.33 -2.000000e+002 4.500000e+001 -4.850298e+001 -3.824243e+001 -2.000000e+002 4.500000e+001 -2.000000e+002 4.500000e+001
10068035660.978 -2.000000e+002 4.500000e+001 -4.703159e+001 -1.334550e+002 -2.000000e+002 4.500000e+001 -2.000000e+002 4.500000e+001
10093311312.625 -2.000000e+002 4.500000e+001 -4.480173e+001 1.105650e+002 -2.000000e+002 4.500000e+001 -2.000000e+002 4.500000e+001
10118586964.273 -2.000000e+002 4.500000e+001 -4.434818e+001 -9.437403e+000 -2.000000e+002 4.500000e+001 -2.000000e+002 4.500000e+001
10143862615.92 -2.000000e+002 4.500000e+001 -4.457519e+001 -1.170298e+002 -2.000000e+002 4.500000e+001 -2.000000e+002 4.500000e+001
10169138267.568 -2.000000e+002 4.500000e+001 -4.597050e+001 1.380186e+002 -2.000000e+002 4.500000e+001 -2.000000e+002 4.500000e+001
10194413919.215 -2.000000e+002 4.500000e+001 -4.347296e+001 4.291945e+001 -2.000000e+002 4.500000e+001 -2.000000e+002 4.500000e+001
10219689570.863 -2.000000e+002 4.500000e+001 -4.251111e+001 -7.518357e+001 -2.000000e+002 4.500000e+001 -2.000000e+002 4.500000e+001
10244965222.51 -2.000000e+002 4.500000e+001 -4.267095e+001 1.702809e+002 -2.000000e+002 4.500000e+001 -2.000000e+002 4.500000e+001
10270240874.158 -2.000000e+002 4.500000e+001 -4.360911e+001 6.919392e+001 -2.000000e+002 4.500000e+001 -2.000000e+002 4.500000e+001
10295516525.805 -2.000000e+002 4.500000e+001 -4.248392e+001 -3.535833e+001 -2.000000e+002 4.500000e+001 -2.000000e+002 4.500000e+001
10320792177.452 -2.000000e+002 4.500000e+001 -4.223854e+001 -1.503415e+002 -2.000000e+002 4.500000e+001 -2.000000e+002 4.500000e+001
10346067829.1 -2.000000e+002 4.500000e+001 -4.239954e+001 9.780019e+001 -2.000000e+002 4.500000e+001 -2.000000e+002 4.500000e+001
10371343480.747 -2.000000e+002 4.500000e+001 -4.318114e+001 -1.405167e+001 -2.000000e+002 4.500000e+001 -2.000000e+002 4.500000e+001
10396619132.395 -2.000000e+002 4.500000e+001 -4.474232e+001 -1.168085e+002 -2.000000e+002 4.500000e+001 -2.000000e+002 4.500000e+001
10421894784.043 -2.000000e+002 4.500000e+001 -4.536019e+001 1.336410e+002 -2.000000e+002 4.500000e+001 -2.000000e+002 4.500000e+001
10447170435.69 -2.000000e+002 4.500000e+001 -4.705454e+001 2.402638e+001 -2.000000e+002 4.500000e+001 -2.000000e+002 4.500000e+001
10472446087.338 -2.000000e+002 4.500000e+001 -4.846346e+001 -8.181505e+001 -2.000000e+002 4.500000e+001 -2.000000e+002 4.500000e+001
10497721738.985 -2.000000e+002 4.500000e+001 -5.453979e+001 -1.701989e+002 -2.000000e+002 4.500000e+001 -2.000000e+002 4.500000e+001
10522997390.633 -2.000000e+002 4.500000e+001 -5.183677e+001 1.145669e+002 -2.000000e+002 4.500000e+001 -2.000000e+002 4.500000e+001
10548273042.28 -2.000000e+002 4.500000e+001 -4.893517e+001 3.061356e+001 -2.000000e+002 4.500000e+001 -2.000000e+002 4.500000e+001
10573548693.928 -2.000000e+002 4.500000e+001 -4.527376e+001 -8.598521e+001 -2.000000e+002 4.500000e+001 -2.000000e+002 4.500000e+001
10598824345.575 -2.000000e+002 4.500000e+001 -4.493457e+001 1.574909e+002 -2.000000e+002 4.500000e+001 -2.000000e+002 4.500000e+001
10624099997.223 -2.000000e+002 4.500000e+001 -4.442244e+001 5.094114e+001 -2.000000e+002 4.500000e+001 -2.000000e+002 4.500000e+001
10649375648.87 -2.000000e+002 4.500000e+001 -4.386999e+001 -5.583905e+001 -2.000000e+002 4.500000e+001 -2.000000e+002 4.500000e+001
10674651300.518 -2.000000e+002 4.500000e+001 -4.210686e+001 -1.628344e+002 -2.000000e+002 4.500000e+001 -2.000000e+002 4.500000e+001
10699926952.165 -2.000000e+002 4.500000e+001 -4.206139e+001 7.760427e+001 -2.000000e+002 4.500000e+001 -2.000000e+002 4.500000e+001
10725202603.813 -2.000000e+002 4.500000e+001 -4.216642e+001 -3.065699e+001 -2.000000e+002 4.500000e+001 -2.000000e+002 4.500000e+001
10750478255.46 -2.000000e+002 4.500000e+001 -4.234552e+001 -1.416210e+002 -2.000000e+002 4.500000e+001 -2.000000e+002 4.500000e+001
10775753907.108 -2.000000e+002 4.500000e+001 -4.211603e+001 1.128391e+002 -2.000000e+002 4.500000e+001 -2.000000e+002 4.500000e+001
10801029558.755 -2.000000e+002 4.500000e+001 -4.128654e+001 -2.716218e+000 -2.000000e+002 4.500000e+001 -2.000000e+002 4.500000e+001
10826305210.403 -2.000000e+002 4.500000e+001 -4.258823e+001 -1.220914e+002 -2.000000e+002 4.500000e+001 -2.000000e+002 4.500000e+001
10851580862.05 -2.000000e+002 4.500000e+001 -4.384713e+001 1.255837e+002 -2.000000e+002 4.500000e+001 -2.000000e+002 4.500000e+001
10876856513.698 -2.000000e+002 4.500000e+001 -4.484123e+001 1.326104e+001 -2.000000e+002 4.500000e+001 -2.000000e+002 4.500000e+001
10902132165.345 -2.000000e+002 4.500000e+001 -4.600129e+001 -1.030322e+002 -2.000000e+002 4.500000e+001 -2.000000e+002 4.500000e+001
10927407816.993 -2.000000e+002 4.500000e+001 -4.783749e+001 1.509458e+002 -2.000000e+002 4.500000e+001 -2.000000e+002 4.500000e+001
10952683468.64 -2.000000e+002 4.500000e+001 -4.847726e+001 3.737147e+001 -2.000000e+002 4.500000e+001 -2.000000e+002 4.500000e+001
10977959120.288 -2.000000e+002 4.500000e+001 -5.117633e+001 -7.264471e+001 -2.000000e+002 4.500000e+001 -2.000000e+002 4.500000e+001
11003234771.935 -2.000000e+002 4.500000e+001 -5.138980e+001 -1.759381e+002 -2.000000e+002 4.500000e+001 -2.000000e+002 4.500000e+001
11028510423.583 -2.000000e+002 4.500000e+001 -5.193336e+001 6.563889e+001 -2.000000e+002 4.500000e+001 -2.000000e+002 4.500000e+001
11053786075.23 -2.000000e+002 4.500000e+001 -5.403196e+001 -4.710862e+001 -2.000000e+002 4.500000e+001 -2.000000e+002 4.500000e+001
11079061726.878 -2.000000e+002 4.500000e+001 -5.896026e+001 1.596585e+002 -2.000000e+002 4.500000e+001 -2.000000e+002 4.500000e+001
11104337378.525 -2.000000e+002 4.500000e+001 -6.985650e+001 4.133518e+000 -2.000000e+002 4.500000e+001 -2.000000e+002 4.500000e+001
11129613030.173 -2.000000e+002 4.500000e+001 -6.168770e+001 1.672180e+002 -2.000000e+002 4.500000e+001 -2.000000e+002 4.500000e+001
11154888681.82 -2.000000e+002 4.500000e+001 -5.622513e+001 4.846769e+001 -2.000000e+002 4.500000e+001 -2.000000e+002 4.500000e+001
11180164333.468 -2.000000e+002 4.500000e+001 -5.155211e+001 -7.405909e+001 -2.000000e+002 4.500000e+001 -2.000000e+002 4.500000e+001
11205439985.115 -2.000000e+002 4.500000e+001 -5.123987e+001 1.605482e+002 -2.000000e+002 4.500000e+001 -2.000000e+002 4.500000e+001
11230715636.763 -2.000000e+002 4.500000e+001 -5.055916e+001 5.539267e+001 -2.000000e+002 4.500000e+001 -2.000000e+002 4.500000e+001
11255991288.41 -2.000000e+002 4.500000e+001 -4.768200e+001 -5.009903e+001 -2.000000e+002 4.500000e+001 -2.000000e+002 4.500000e+001
11281266940.058 -2.000000e+002 4.500000e+001 -4.498795e+001 -1.714133e+002 -2.000000e+002 4.500000e+001 -2.000000e+002 4.500000e+001
11306542591.705 -2.000000e+002 4.500000e+001 -4.402029e+001 6.516347e+001 -2.000000e+002 4.500000e+001 -2.000000e+002 4.500000e+001
11331818243.353 -2.000000e+002 4.500000e+001 -4.403980e+001 -5.056088e+001 -2.000000e+002 4.500000e+001 -2.000000e+002 4.500000e+001
11357093895 -2.000000e+002 4.500000e+001 -4.276250e+001 -1.630114e+002 -2.000000e+002 4.500000e+001 -2.000000e+002 4.500000e+001
