
1246833236 -2.000000e+002 4.500000e+001 -3.107089e+001 -2.933194e+001 -2.000000e+002 4.500000e+001 -2.000000e+002 4.500000e+001
1272108887.6475 -2.000000e+002 4.500000e+001 -3.119586e+001 -1.443143e+002 -2.000000e+002 4.500000e+001 -2.000000e+002 4.500000e+001
1297384539.295 -2.000000e+002 4.500000e+001 -2.897192e+001 9.546045e+001 -2.000000e+002 4.500000e+001 -2.000000e+002 4.500000e+001
1322660190.9425 -2.000000e+002 4.500000e+001 -3.236901e+001 -4.683899e+001 -2.000000e+002 4.500000e+001 -2.000000e+002 4.500000e+001
1347935842.59 -2.000000e+002 4.500000e+001 -4.281223e+001 -8.109270e+001 -2.000000e+002 4.500000e+001 -2.000000e+002 4.500000e+001
1373211494.2375 -2.000000e+002 4.500000e+001 -3.378528e+001 -1.713167e+002 -2.000000e+002 4.500000e+001 -2.000000e+002 4.500000e+001
1398487145.885 -2.000000e+002 4.500000e+001 -3.066216e+001 5.718373e+001 -2.000000e+002 4.500000e+001 -2.000000e+002 4.500000e+001
1423762797.5325 -2.000000e+002 4.500000e+001 -3.211775e+001 -3.254333e+001 -2.000000e+002 4.500000e+001 -2.000000e+002 4.500000e+001
1449038449.18 -2.000000e+002 4.500000e+001 -3.063762e+001 -1.335906e+002 -2.000000e+002 4.500000e+001 -2.000000e+002 4.500000e+001
1474314100.8275 -2.000000e+002 4.500000e+001 -2.682238e+001 9.996888e+001 -2.000000e+002 4.500000e+001 -2.000000e+002 4.500000e+001
1499589752.475 -2.000000e+002 4.500000e+001 -2.992067e+001 -1.060712e+001 -2.000000e+002 4.500000e+001 -2.000000e+002 4.500000e+001
1524865404.1225 -2.000000e+002 4.500000e+001 -3.288874e+001 -1.072669e+002 -2.000000e+002 4.500000e+001 -2.000000e+002 4.500000e+001
1550141055.77 -2.000000e+002 4.500000e+001 -2.844989e+001 1.535193e+002 -2.000000e+002 4.500000e+001 -2.000000e+002 4.500000e+001
1575416707.4175 -2.000000e+002 4.500000e+001 -2.796033e+001 4.220184e+001 -2.000000e+002 4.500000e+001 -2.000000e+002 4.500000e+001
1600692359.065 -2.000000e+002 4.500000e+001 -2.654932e+001 -6.931454e+001 -2.000000e+002 4.500000e+001 -2.000000e+002 4.500000e+001
1625968010.7125 -2.000000e+002 4.500000e+001 -2.557489e+001 1.755403e+002 -2.000000e+002 4.500000e+001 -2.000000e+002 4.500000e+001
1651243662.36 -2.000000e+002 4.500000e+001 -2.527649e+001 4.668059e+001 -2.000000e+002 4.500000e+001 -2.000000e+002 4.500000e+001
1676519314.0075 -2.000000e+002 4.500000e+001 -2.863503e+001 -7.327901e+001 -2.000000e+002 4.500000e+001 -2.000000e+002 4.500000e+001
1701794965.655 -2.000000e+002 4.500000e+001 -3.095065e+001 -1.784266e+002 -2.000000e+002 4.500000e+001 -2.000000e+002 4.500000e+001
1727070617.3025 -2.000000e+002 4.500000e+001 -3.387407e+001 8.620094e+001 -2.000000e+002 4.500000e+001 -2.000000e+002 4.500000e+001
1752346268.95 -2.000000e+002 4.500000e+001 -3.546969e+001 8.930550e-001 -2.000000e+002 4.500000e+001 -2.000000e+002 4.500000e+001
1777621920.5975 -2.000000e+002 4.500000e+001 -3.455070e+001 -7.925436e+001 -2.000000e+002 4.500000e+001 -2.000000e+002 4.500000e+001
1802897572.245 -2.000000e+002 4.500000e+001 -2.980721e+001 -1.785608e+002 -2.000000e+002 4.500000e+001 -2.000000e+002 4.500000e+001
1828173223.8925 -2.000000e+002 4.500000e+001 -2.715831e+001 6.270595e+001 -2.000000e+002 4.500000e+001 -2.000000e+002 4.500000e+001
1853448875.54 -2.000000e+002 4.500000e+001 -2.589246e+001 -5.771486e+001 -2.000000e+002 4.500000e+001 -2.000000e+002 4.500000e+001
1878724527.1875 -2.000000e+002 4.500000e+001 -2.593204e+001 1.797021e+002 -2.000000e+002 4.500000e+001 -2.000000e+002 4.500000e+001
1904000178.835 -2.000000e+002 4.500000e+001 -2.767813e+001 6.353556e+001 -2.000000e+002 4.500000e+001 -2.000000e+002 4.500000e+001
1929275830.4825 -2.000000e+002 4.500000e+001 -2.882822e+001 -3.531440e+001 -2.000000e+002 4.500000e+001 -2.000000e+002 4.500000e+001
1954551482.13 -2.000000e+002 4.500000e+001 -2.761046e+001 -1.523287e+002 -2.000000e+002 4.500000e+001 -2.000000e+002 4.500000e+001
1979827133.7775 -2.000000e+002 4.500000e+001 -2.895917e+001 8.909016e+001 -2.000000e+002 4.500000e+001 -2.000000e+002 4.500000e+001
2005102785.425 -2.000000e+002 4.500000e+001 -3.051454e+001 -2.784521e+001 -2.000000e+002 4.500000e+001 -2.000000e+002 4.500000e+001
2030378437.0725 -2.000000e+002 4.500000e+001 -3.138027e+001 -1.526345e+002 -2.000000e+002 4.500000e+001 -2.000000e+002 4.500000e+001
2055654088.72 -2.000000e+002 4.500000e+001 -3.774191e+001 7.447838e+001 -2.000000e+002 4.500000e+001 -2.000000e+002 4.500000e+001
2080929740.3675 -2.000000e+002 4.500000e+001 -3.950803e+001 -4.342670e+001 -2.000000e+002 4.500000e+001 -2.000000e+002 4.500000e+001
2106205392.015 -2.000000e+002 4.500000e+001 -4.315699e+001 1.694034e+002 -2.000000e+002 4.500000e+001 -2.000000e+002 4.500000e+001
2131481043.6625 -2.000000e+002 4.500000e+001 -3.815687e+001 4.866242e+000 -2.000000e+002 4.500000e+001 -2.000000e+002 4.500000e+001
2156756695.31 -2.000000e+002 4.500000e+001 -3.624934e+001 -1.422925e+002 -2.000000e+002 4.500000e+001 -2.000000e+002 4.500000e+001
2182032346.9575 -2.000000e+002 4.500000e+001 -3.539833e+001 8.820003e+001 -2.000000e+002 4.500000e+001 -2.000000e+002 4.500000e+001
2207307998.605 -2.000000e+002 4.500000e+001 -3.662405e+001 -2.221701e+001 -2.000000e+002 4.500000e+001 -2.000000e+002 4.500000e+001
2232583650.2525 -2.000000e+002 4.500000e+001 -3.479628e+001 -1.265774e+002 -2.000000e+002 4.500000e+001 -2.000000e+002 4.500000e+001
2257859301.9 -2.000000e+002 4.500000e+001 -3.450297e+001 1.143079e+002 -2.000000e+002 4.500000e+001 -2.000000e+002 4.500000e+001
2283134953.5475 -2.000000e+002 4.500000e+001 -3.415844e+001 6.063086e-001 -2.000000e+002 4.500000e+001 -2.000000e+002 4.500000e+001
2308410605.195 -2.000000e+002 4.500000e+001 -3.474490e+001 -1.140294e+002 -2.000000e+002 4.500000e+001 -2.000000e+002 4.500000e+001
2333686256.8425 -2.000000e+002 4.500000e+001 -3.528549e+001 1.257396e+002 -2.000000e+002 4.500000e+001 -2.000000e+002 4.500000e+001
2358961908.49 -2.000000e+002 4.500000e+001 -3.719090e+001 3.954971e+000 -2.000000e+002 4.500000e+001 -2.000000e+002 4.500000e+001
2384237560.1375 -2.000000e+002 4.500000e+001 -3.925007e+001 -1.428844e+002 -2.000000e+002 4.500000e+001 -2.000000e+002 4.500000e+001
2409513211.785 -2.000000e+002 4.500000e+001 -4.759684e+001 7.632736e+001 -2.000000e+002 4.500000e+001 -2.000000e+002 4.500000e+001
2434788863.4325 -2.000000e+002 4.500000e+001 -4.276250e+001 -9.538763e+001 -2.000000e+002 4.500000e+001 -2.000000e+002 4.500000e+001
2460064515.08 -2.000000e+002 4.500000e+001 -3.647351e+001 1.121862e+002 -2.000000e+002 4.500000e+001 -2.000000e+002 4.500000e+001
2485340166.7275 -2.000000e+002 4.500000e+001 -3.481122e+001 -1.648024e+001 -2.000000e+002 4.500000e+001 -2.000000e+002 4.500000e+001
2510615818.375 -2.000000e+002 4.500000e+001 -3.249398e+001 -1.236682e+002 -2.000000e+002 4.500000e+001 -2.000000e+002 4.500000e+001
2535891470.0225 -2.000000e+002 4.500000e+001 -3.112263e+001 1.105010e+002 -2.000000e+002 4.500000e+001 -2.000000e+002 4.500000e+001
2561167121.67 -2.000000e+002 4.500000e+001 -3.064829e+001 -3.085054e+000 -2.000000e+002 4.500000e+001 -2.000000e+002 4.500000e+001
2586442773.3175 -2.000000e+002 4.500000e+001 -2.934080e+001 -1.140687e+002 -2.000000e+002 4.500000e+001 -2.000000e+002 4.500000e+001
2611718424.965 -2.000000e+002 4.500000e+001 -2.859620e+001 1.307098e+002 -2.000000e+002 4.500000e+001 -2.000000e+002 4.500000e+001
2636994076.6125 -2.000000e+002 4.500000e+001 -2.902480e+001 1.559823e+001 -2.000000e+002 4.500000e+001 -2.000000e+002 4.500000e+001
2662269728.26 -2.000000e+002 4.500000e+001 -2.864758e+001 -8.419287e+001 -2.000000e+002 4.500000e+001 -2.000000e+002 4.500000e+001
2687545379.9075 -2.000000e+002 4.500000e+001 -2.793964e+001 1.658002e+002 -2.000000e+002 4.500000e+001 -2.000000e+002 4.500000e+001
2712821031.555 -2.000000e+002 4.500000e+001 -2.627747e+001 5.521574e+001 -2.000000e+002 4.500000e+001 -2.000000e+002 4.500000e+001
2738096683.2025 -2.000000e+002 4.500000e+001 -2.589260e+001 -5.641971e+001 -2.000000e+002 4.500000e+001 -2.000000e+002 4.500000e+001
2763372334.85 -2.000000e+002 4.500000e+001 -2.557742e+001 -1.741967e+002 -2.000000e+002 4.500000e+001 -2.000000e+002 4.500000e+001
2788647986.4975 -2.000000e+002 4.500000e+001 -2.563819e+001 7.331479e+001 -2.000000e+002 4.500000e+001 -2.000000e+002 4.500000e+001
2813923638.145 -2.000000e+002 4.500000e+001 -2.608296e+001 -3.817202e+001 -2.000000e+002 4.500000e+001 -2.000000e+002 4.500000e+001
2839199289.7925 -2.000000e+002 4.500000e+001 -2.728390e+001 -1.448381e+002 -2.000000e+002 4.500000e+001 -2.000000e+002 4.500000e+001
2864474941.44 -2.000000e+002 4.500000e+001 -2.729403e+001 1.086307e+002 -2.000000e+002 4.500000e+001 -2.000000e+002 4.500000e+001
2889750593.0875 -2.000000e+002 4.500000e+001 -2.660247e+001 1.566079e+000 -2.000000e+002 4.500000e+001 -2.000000e+002 4.500000e+001
2915026244.735 -2.000000e+002 4.500000e+001 -2.679586e+001 -1.118988e+002 -2.000000e+002 4.500000e+001 -2.000000e+002 4.500000e+001
2940301896.3825 -2.000000e+002 4.500000e+001 -2.739995e+001 1.414465e+002 -2.000000e+002 4.500000e+001 -2.000000e+002 4.500000e+001
2965577548.03 -2.000000e+002 4.500000e+001 -2.645885e+001 3.087331e+001 -2.000000e+002 4.500000e+001 -2.000000e+002 4.500000e+001
2990853199.6775 -2.000000e+002 4.500000e+001 -2.672718e+001 -8.735255e+001 -2.000000e+002 4.500000e+001 -2.000000e+002 4.500000e+001
3016128851.325 -2.000000e+002 4.500000e+001 -2.857673e+001 1.530930e+002 -2.000000e+002 4.500000e+001 -2.000000e+002 4.500000e+001
3041404502.9725 -2.000000e+002 4.500000e+001 -3.126927e+001 4.845371e+001 -2.000000e+002 4.500000e+001 -2.000000e+002 4.500000e+001
3066680154.62 -2.000000e+002 4.500000e+001 -3.225453e+001 -5.656957e+001 -2.000000e+002 4.500000e+001 -2.000000e+002 4.500000e+001
3091955806.2675 -2.000000e+002 4.500000e+001 -3.281407e+001 -1.605610e+002 -2.000000e+002 4.500000e+001 -2.000000e+002 4.500000e+001
3117231457.915 -2.000000e+002 4.500000e+001 -3.297477e+001 9.136847e+001 -2.000000e+002 4.500000e+001 -2.000000e+002 4.500000e+001
3142507109.5625 -2.000000e+002 4.500000e+001 -3.444398e+001 -2.511104e+001 -2.000000e+002 4.500000e+001 -2.000000e+002 4.500000e+001
3167782761.21 -2.000000e+002 4.500000e+001 -3.474646e+001 -1.318683e+002 -2.000000e+002 4.500000e+001 -2.000000e+002 4.500000e+001
3193058412.8575 -2.000000e+002 4.500000e+001 -3.494810e+001 1.063193e+002 -2.000000e+002 4.500000e+001 -2.000000e+002 4.500000e+001
3218334064.505 -2.000000e+002 4.500000e+001 -3.716833e+001 -1.949107e+001 -2.000000e+002 4.500000e+001 -2.000000e+002 4.500000e+001
3243609716.1525 -2.000000e+002 4.500000e+001 -4.324370e+001 -1.304446e+002 -2.000000e+002 4.500000e+001 -2.000000e+002 4.500000e+001
3268885367.8 -2.000000e+002 4.500000e+001 -4.284904e+001 1.166938e+002 -2.000000e+002 4.500000e+001 -2.000000e+002 4.500000e+001
3294161019.4475 -2.000000e+002 4.500000e+001 -4.633881e+001 -1.957417e+001 -2.000000e+002 4.500000e+001 -2.000000e+002 4.500000e+001
3319436671.095 -2.000000e+002 4.500000e+001 -4.633663e+001 1.411851e+002 -2.000000e+002 4.500000e+001 -2.000000e+002 4.500000e+001
3344712322.7425 -2.000000e+002 4.500000e+001 -4.439890e+001 -4.110512e+001 -2.000000e+002 4.500000e+001 -2.000000e+002 4.500000e+001
3369987974.39 -2.000000e+002 4.500000e+001 -4.401764e+001 1.751595e+002 -2.000000e+002 4.500000e+001 -2.000000e+002 4.500000e+001
3395263626.0375 -2.000000e+002 4.500000e+001 -4.417755e+001 5.219759e+001 -2.000000e+002 4.500000e+001 -2.000000e+002 4.500000e+001
3420539277.685 -2.000000e+002 4.500000e+001 -4.491514e+001 -6.330962e+001 -2.000000e+002 4.500000e+001 -2.000000e+002 4.500000e+001
3445814929.3325 -2.000000e+002 4.500000e+001 -4.183953e+001 1.798307e+002 -2.000000e+002 4.500000e+001 -2.000000e+002 4.500000e+001
3471090580.98 -2.000000e+002 4.500000e+001 -4.031980e+001 2.897840e+001 -2.000000e+002 4.500000e+001 -2.000000e+002 4.500000e+001
3496366232.6275 -2.000000e+002 4.500000e+001 -4.100957e+001 -1.198480e+002 -2.000000e+002 4.500000e+001 -2.000000e+002 4.500000e+001
3521641884.275 -2.000000e+002 4.500000e+001 -4.195436e+001 9.532359e+001 -2.000000e+002 4.500000e+001 -2.000000e+002 4.500000e+001
3546917535.9225 -2.000000e+002 4.500000e+001 -4.051616e+001 -4.304605e+001 -2.000000e+002 4.500000e+001 -2.000000e+002 4.500000e+001
3572193187.57 -2.000000e+002 4.500000e+001 -4.091586e+001 1.707953e+002 -2.000000e+002 4.500000e+001 -2.000000e+002 4.500000e+001
3597468839.2175 -2.000000e+002 4.500000e+001 -4.230396e+001 4.823662e+001 -2.000000e+002 4.500000e+001 -2.000000e+002 4.500000e+001
3622744490.865 -2.000000e+002 4.500000e+001 -4.368569e+001 -7.276088e+001 -2.000000e+002 4.500000e+001 -2.000000e+002 4.500000e+001
3648020142.5125 -2.000000e+002 4.500000e+001 -4.683624e+001 -1.553086e+002 -2.000000e+002 4.500000e+001 -2.000000e+002 4.500000e+001
3673295794.16 -2.000000e+002 4.500000e+001 -4.270965e+001 1.148138e+002 -2.000000e+002 4.500000e+001 -2.000000e+002 4.500000e+001
3698571445.8075 -2.000000e+002 4.500000e+001 -3.828653e+001 7.404513e+000 -2.000000e+002 4.500000e+001 -2.000000e+002 4.500000e+001
3723847097.455 -2.000000e+002 4.500000e+001 -3.595924e+001 -1.090454e+002 -2.000000e+002 4.500000e+001 -2.000000e+002 4.500000e+001
3749122749.1025 -2.000000e+002 4.500000e+001 -3.530227e+001 1.312121e+002 -2.000000e+002 4.500000e+001 -2.000000e+002 4.500000e+001
3774398400.75 -2.000000e+002 4.500000e+001 -3.510943e+001 2.238881e+001 -2.000000e+002 4.500000e+001 -2.000000e+002 4.500000e+001
3799674052.3975 -2.000000e+002 4.500000e+001 -3.462652e+001 -8.085646e+001 -2.000000e+002 4.500000e+001 -2.000000e+002 4.500000e+001
3824949704.045 -2.000000e+002 4.500000e+001 -3.308426e+001 1.740562e+002 -2.000000e+002 4.500000e+001 -2.000000e+002 4.500000e+001
3850225355.6925 -2.000000e+002 4.500000e+001 -3.215412e+001 6.497357e+001 -2.000000e+002 4.500000e+001 -2.000000e+002 4.500000e+001
3875501007.34 -2.000000e+002 4.500000e+001 -3.084374e+001 -5.656087e+001 -2.000000e+002 4.500000e+001 -2.000000e+002 4.500000e+001
3900776658.9875 -2.000000e+002 4.500000e+001 -3.229865e+001 1.756924e+002 -2.000000e+002 4.500000e+001 -2.000000e+002 4.500000e+001
3926052310.635 -2.000000e+002 4.500000e+001 -3.447491e+001 7.015525e+001 -2.000000e+002 4.500000e+001 -2.000000e+002 4.500000e+001
3951327962.2825 -2.000000e+002 4.500000e+001 -3.561201e+001 -3.823887e+001 -2.000000e+002 4.500000e+001 -2.000000e+002 4.500000e+001
3976603613.93 -2.000000e+002 4.500000e+001 -3.546147e+001 -1.523274e+002 -2.000000e+002 4.500000e+001 -2.000000e+002 4.500000e+001
4001879265.5775 -2.000000e+002 4.500000e+001 -3.905183e+001 8.416448e+001 -2.000000e+002 4.500000e+001 -2.000000e+002 4.500000e+001
4027154917.225 -2.000000e+002 4.500000e+001 -4.897011e+001 2.321750e+001 -2.000000e+002 4.500000e+001 -2.000000e+002 4.500000e+001
4052430568.8725 -2.000000e+002 4.500000e+001 -4.040254e+001 -4.549401e+001 -2.000000e+002 4.500000e+001 -2.000000e+002 4.500000e+001
4077706220.52 -2.000000e+002 4.500000e+001 -3.644059e+001 -1.694079e+002 -2.000000e+002 4.500000e+001 -2.000000e+002 4.500000e+001
4102981872.1675 -2.000000e+002 4.500000e+001 -3.556622e+001 8.369919e+001 -2.000000e+002 4.500000e+001 -2.000000e+002 4.500000e+001
4128257523.815 -2.000000e+002 4.500000e+001 -3.437623e+001 -3.452432e+001 -2.000000e+002 4.500000e+001 -2.000000e+002 4.500000e+001
4153533175.4625 -2.000000e+002 4.500000e+001 -3.413575e+001 -1.528497e+002 -2.000000e+002 4.500000e+001 -2.000000e+002 4.500000e+001
4178808827.11 -2.000000e+002 4.500000e+001 -3.473613e+001 9.512621e+001 -2.000000e+002 4.500000e+001 -2.000000e+002 4.500000e+001
4204084478.7575 -2.000000e+002 4.500000e+001 -3.435250e+001 -1.598774e+001 -2.000000e+002 4.500000e+001 -2.000000e+002 4.500000e+001
4229360130.405 -2.000000e+002 4.500000e+001 -3.530131e+001 -1.287324e+002 -2.000000e+002 4.500000e+001 -2.000000e+002 4.500000e+001
4254635782.0525 -2.000000e+002 4.500000e+001 -3.549520e+001 1.207260e+002 -2.000000e+002 4.500000e+001 -2.000000e+002 4.500000e+001
4279911433.7 -2.000000e+002 4.500000e+001 -3.625491e+001 8.174934e+000 -2.000000e+002 4.500000e+001 -2.000000e+002 4.500000e+001
4305187085.3475 -2.000000e+002 4.500000e+001 -3.696080e+001 -1.013852e+002 -2.000000e+002 4.500000e+001 -2.000000e+002 4.500000e+001
4330462736.995 -2.000000e+002 4.500000e+001 -3.772342e+001 1.440960e+002 -2.000000e+002 4.500000e+001 -2.000000e+002 4.500000e+001
4355738388.6425 -2.000000e+002 4.500000e+001 -3.883913e+001 3.162584e+001 -2.000000e+002 4.500000e+001 -2.000000e+002 4.500000e+001
4381014040.29 -2.000000e+002 4.500000e+001 -3.980640e+001 -7.727494e+001 -2.000000e+002 4.500000e+001 -2.000000e+002 4.500000e+001
4406289691.9375 -2.000000e+002 4.500000e+001 -4.039671e+001 1.570118e+002 -2.000000e+002 4.500000e+001 -2.000000e+002 4.500000e+001
4431565343.585 -2.000000e+002 4.500000e+001 -4.607849e+001 2.910815e+001 -2.000000e+002 4.500000e+001 -2.000000e+002 4.500000e+001
4456840995.2325 -2.000000e+002 4.500000e+001 -5.701473e+001 -9.393715e+001 -2.000000e+002 4.500000e+001 -2.000000e+002 4.500000e+001
4482116646.88 -2.000000e+002 4.500000e+001 -4.885991e+001 -3.629850e+001 -2.000000e+002 4.500000e+001 -2.000000e+002 4.500000e+001
4507392298.5275 -2.000000e+002 4.500000e+001 -4.355788e+001 -1.474001e+002 -2.000000e+002 4.500000e+001 -2.000000e+002 4.500000e+001
4532667950.175 -2.000000e+002 4.500000e+001 -3.979548e+001 7.429754e+001 -2.000000e+002 4.500000e+001 -2.000000e+002 4.500000e+001
4557943601.8225 -2.000000e+002 4.500000e+001 -3.877577e+001 -4.964579e+001 -2.000000e+002 4.500000e+001 -2.000000e+002 4.500000e+001
4583219253.47 -2.000000e+002 4.500000e+001 -4.149664e+001 -1.653048e+002 -2.000000e+002 4.500000e+001 -2.000000e+002 4.500000e+001
4608494905.1175 -2.000000e+002 4.500000e+001 -4.032294e+001 8.969192e+001 -2.000000e+002 4.500000e+001 -2.000000e+002 4.500000e+001
4633770556.765 -2.000000e+002 4.500000e+001 -4.070020e+001 -2.625567e+001 -2.000000e+002 4.500000e+001 -2.000000e+002 4.500000e+001
4659046208.4125 -2.000000e+002 4.500000e+001 -4.037116e+001 -1.298774e+002 -2.000000e+002 4.500000e+001 -2.000000e+002 4.500000e+001
4684321860.06 -2.000000e+002 4.500000e+001 -3.874896e+001 1.240809e+002 -2.000000e+002 4.500000e+001 -2.000000e+002 4.500000e+001
4709597511.7075 -2.000000e+002 4.500000e+001 -3.754727e+001 1.322543e+000 -2.000000e+002 4.500000e+001 -2.000000e+002 4.500000e+001
4734873163.355 -2.000000e+002 4.500000e+001 -3.862903e+001 -1.168649e+002 -2.000000e+002 4.500000e+001 -2.000000e+002 4.500000e+001
4760148815.0025 -2.000000e+002 4.500000e+001 -3.906979e+001 1.339597e+002 -2.000000e+002 4.500000e+001 -2.000000e+002 4.500000e+001
4785424466.65 -2.000000e+002 4.500000e+001 -3.897659e+001 3.085263e+001 -2.000000e+002 4.500000e+001 -2.000000e+002 4.500000e+001
4810700118.2975 -2.000000e+002 4.500000e+001 -3.650350e+001 -7.586481e+001 -2.000000e+002 4.500000e+001 -2.000000e+002 4.500000e+001
4835975769.945 -2.000000e+002 4.500000e+001 -3.491539e+001 1.636359e+002 -2.000000e+002 4.500000e+001 -2.000000e+002 4.500000e+001
4861251421.5925 -2.000000e+002 4.500000e+001 -3.495177e+001 4.287476e+001 -2.000000e+002 4.500000e+001 -2.000000e+002 4.500000e+001
4886527073.24 -2.000000e+002 4.500000e+001 -3.792042e+001 -7.702052e+001 -2.000000e+002 4.500000e+001 -2.000000e+002 4.500000e+001
4911802724.8875 -2.000000e+002 4.500000e+001 -3.786119e+001 -1.774373e+002 -2.000000e+002 4.500000e+001 -2.000000e+002 4.500000e+001
4937078376.535 -2.000000e+002 4.500000e+001 -3.768639e+001 7.254522e+001 -2.000000e+002 4.500000e+001 -2.000000e+002 4.500000e+001
4962354028.1825 -2.000000e+002 4.500000e+001 -3.887046e+001 -4.579259e+001 -2.000000e+002 4.500000e+001 -2.000000e+002 4.500000e+001
4987629679.83 -2.000000e+002 4.500000e+001 -3.972246e+001 -1.489715e+002 -2.000000e+002 4.500000e+001 -2.000000e+002 4.500000e+001
5012905331.4775 -2.000000e+002 4.500000e+001 -4.170008e+001 1.298099e+002 -2.000000e+002 4.500000e+001 -2.000000e+002 4.500000e+001
5038180983.125 -2.000000e+002 4.500000e+001 -4.016133e+001 2.400848e+001 -2.000000e+002 4.500000e+001 -2.000000e+002 4.500000e+001
5063456634.7725 -2.000000e+002 4.500000e+001 -3.856128e+001 -7.216519e+001 -2.000000e+002 4.500000e+001 -2.000000e+002 4.500000e+001
5088732286.42 -2.000000e+002 4.500000e+001 -3.751303e+001 -1.785953e+002 -2.000000e+002 4.500000e+001 -2.000000e+002 4.500000e+001
5114007938.0675 -2.000000e+002 4.500000e+001 -3.600468e+001 7.107305e+001 -2.000000e+002 4.500000e+001 -2.000000e+002 4.500000e+001
5139283589.715 -2.000000e+002 4.500000e+001 -3.577947e+001 -3.896352e+001 -2.000000e+002 4.500000e+001 -2.000000e+002 4.500000e+001
5164559241.3625 -2.000000e+002 4.500000e+001 -3.559078e+001 -1.517612e+002 -2.000000e+002 4.500000e+001 -2.000000e+002 4.500000e+001
5189834893.01 -2.000000e+002 4.500000e+001 -3.508091e+001 1.052170e+002 -2.000000e+002 4.500000e+001 -2.000000e+002 4.500000e+001
5215110544.6575 -2.000000e+002 4.500000e+001 -3.487180e+001 -6.965003e+000 -2.000000e+002 4.500000e+001 -2.000000e+002 4.500000e+001
5240386196.305 -2.000000e+002 4.500000e+001 -3.477260e+001 -1.196829e+002 -2.000000e+002 4.500000e+001 -2.000000e+002 4.500000e+001
5265661847.9525 -2.000000e+002 4.500000e+001 -3.503995e+001 1.291728e+002 -2.000000e+002 4.500000e+001 -2.000000e+002 4.500000e+001
5290937499.6 -2.000000e+002 4.500000e+001 -3.649735e+001 1.505488e+001 -2.000000e+002 4.500000e+001 -2.000000e+002 4.500000e+001
5316213151.2475 -2.000000e+002 4.500000e+001 -3.827416e+001 -8.108511e+001 -2.000000e+002 4.500000e+001 -2.000000e+002 4.500000e+001
5341488802.895 -2.000000e+002 4.500000e+001 -3.828200e+001 -1.765474e+002 -2.000000e+002 4.500000e+001 -2.000000e+002 4.500000e+001
5366764454.5425 -2.000000e+002 4.500000e+001 -3.675518e+001 8.262416e+001 -2.000000e+002 4.500000e+001 -2.000000e+002 4.500000e+001
5392040106.19 -2.000000e+002 4.500000e+001 -3.538011e+001 -2.740052e+001 -2.000000e+002 4.500000e+001 -2.000000e+002 4.500000e+001
5417315757.8375 -2.000000e+002 4.500000e+001 -3.510053e+001 -1.378776e+002 -2.000000e+002 4.500000e+001 -2.000000e+002 4.500000e+001
5442591409.485 -2.000000e+002 4.500000e+001 -3.423784e+001 1.133587e+002 -2.000000e+002 4.500000e+001 -2.000000e+002 4.500000e+001
5467867061.1325 -2.000000e+002 4.500000e+001 -3.412156e+001 8.602398e-001 -2.000000e+002 4.500000e+001 -2.000000e+002 4.500000e+001
5493142712.78 -2.000000e+002 4.500000e+001 -3.373819e+001 -1.101744e+002 -2.000000e+002 4.500000e+001 -2.000000e+002 4.500000e+001
5518418364.4275 -2.000000e+002 4.500000e+001 -3.434159e+001 1.356464e+002 -2.000000e+002 4.500000e+001 -2.000000e+002 4.500000e+001
5543694016.075 -2.000000e+002 4.500000e+001 -3.507848e+001 3.209185e+001 -2.000000e+002 4.500000e+001 -2.000000e+002 4.500000e+001
5568969667.7225 -2.000000e+002 4.500000e+001 -3.531248e+001 -7.342822e+001 -2.000000e+002 4.500000e+001 -2.000000e+002 4.500000e+001
5594245319.37 -2.000000e+002 4.500000e+001 -3.561373e+001 -1.798657e+002 -2.000000e+002 4.500000e+001 -2.000000e+002 4.500000e+001
5619520971.0175 -2.000000e+002 4.500000e+001 -3.596688e+001 7.705767e+001 -2.000000e+002 4.500000e+001 -2.000000e+002 4.500000e+001
5644796622.665 -2.000000e+002 4.500000e+001 -3.589063e+001 -2.711992e+001 -2.000000e+002 4.500000e+001 -2.000000e+002 4.500000e+001
5670072274.3125 -2.000000e+002 4.500000e+001 -3.613399e+001 -1.325633e+002 -2.000000e+002 4.500000e+001 -2.000000e+002 4.500000e+001
5695347925.96 -2.000000e+002 4.500000e+001 -3.595420e+001 1.256434e+002 -2.000000e+002 4.500000e+001 -2.000000e+002 4.500000e+001
5720623577.6075 -2.000000e+002 4.500000e+001 -3.535938e+001 1.826595e+001 -2.000000e+002 4.500000e+001 -2.000000e+002 4.500000e+001
5745899229.255 -2.000000e+002 4.500000e+001 -3.596579e+001 -9.456893e+001 -2.000000e+002 4.500000e+001 -2.000000e+002 4.500000e+001
5771174880.9025 -2.000000e+002 4.500000e+001 -3.698145e+001 1.578462e+002 -2.000000e+002 4.500000e+001 -2.000000e+002 4.500000e+001
5796450532.55 -2.000000e+002 4.500000e+001 -3.813951e+001 4.562881e+001 -2.000000e+002 4.500000e+001 -2.000000e+002 4.500000e+001
5821726184.1975 -2.000000e+002 4.500000e+001 -4.082785e+001 -5.242313e+001 -2.000000e+002 4.500000e+001 -2.000000e+002 4.500000e+001
5847001835.845 -2.000000e+002 4.500000e+001 -4.325491e+001 -1.483490e+002 -2.000000e+002 4.500000e+001 -2.000000e+002 4.500000e+001
5872277487.4925 -2.000000e+002 4.500000e+001 -4.285201e+001 1.327854e+002 -2.000000e+002 4.500000e+001 -2.000000e+002 4.500000e+001
5897553139.14 -2.000000e+002 4.500000e+001 -4.200596e+001 3.267112e+001 -2.000000e+002 4.500000e+001 -2.000000e+002 4.500000e+001
5922828790.7875 -2.000000e+002 4.500000e+001 -4.253059e+001 -7.616622e+001 -2.000000e+002 4.500000e+001 -2.000000e+002 4.500000e+001
5948104442.435 -2.000000e+002 4.500000e+001 -4.263726e+001 -1.590384e+002 -2.000000e+002 4.500000e+001 -2.000000e+002 4.500000e+001
5973380094.0825 -2.000000e+002 4.500000e+001 -4.139729e+001 1.084402e+002 -2.000000e+002 4.500000e+001 -2.000000e+002 4.500000e+001
5998655745.73 -2.000000e+002 4.500000e+001 -3.880478e+001 1.239910e+001 -2.000000e+002 4.500000e+001 -2.000000e+002 4.500000e+001
6023931397.3775 -2.000000e+002 4.500000e+001 -3.807558e+001 -1.009622e+002 -2.000000e+002 4.500000e+001 -2.000000e+002 4.500000e+001
6049207049.025 -2.000000e+002 4.500000e+001 -3.685228e+001 1.455974e+002 -2.000000e+002 4.500000e+001 -2.000000e+002 4.500000e+001
6074482700.6725 -2.000000e+002 4.500000e+001 -3.815942e+001 3.128561e+001 -2.000000e+002 4.500000e+001 -2.000000e+002 4.500000e+001
6099758352.32 -2.000000e+002 4.500000e+001 -3.922432e+001 -7.941675e+001 -2.000000e+002 4.500000e+001 -2.000000e+002 4.500000e+001
6125034003.9675 -2.000000e+002 4.500000e+001 -4.045100e+001 1.719113e+002 -2.000000e+002 4.500000e+001 -2.000000e+002 4.500000e+001
6150309655.615 -2.000000e+002 4.500000e+001 -4.258897e+001 7.598618e+001 -2.000000e+002 4.500000e+001 -2.000000e+002 4.500000e+001
6175585307.2625 -2.000000e+002 4.500000e+001 -4.228919e+001 -2.140693e+001 -2.000000e+002 4.500000e+001 -2.000000e+002 4.500000e+001
6200860958.91 -2.000000e+002 4.500000e+001 -4.219573e+001 -1.200647e+002 -2.000000e+002 4.500000e+001 -2.000000e+002 4.500000e+001
6226136610.5575 -2.000000e+002 4.500000e+001 -4.035758e+001 1.316020e+002 -2.000000e+002 4.500000e+001 -2.000000e+002 4.500000e+001
6251412262.205 -2.000000e+002 4.500000e+001 -4.010085e+001 2.041382e+001 -2.000000e+002 4.500000e+001 -2.000000e+002 4.500000e+001
6276687913.8525 -2.000000e+002 4.500000e+001 -3.957864e+001 -9.613929e+001 -2.000000e+002 4.500000e+001 -2.000000e+002 4.500000e+001
6301963565.5 -2.000000e+002 4.500000e+001 -4.092913e+001 1.421934e+002 -2.000000e+002 4.500000e+001 -2.000000e+002 4.500000e+001
6327239217.1475 -2.000000e+002 4.500000e+001 -4.375627e+001 4.149929e+001 -2.000000e+002 4.500000e+001 -2.000000e+002 4.500000e+001
6352514868.795 -2.000000e+002 4.500000e+001 -4.412847e+001 -6.165692e+001 -2.000000e+002 4.500000e+001 -2.000000e+002 4.500000e+001
6377790520.4425 -2.000000e+002 4.500000e+001 -4.523462e+001 -1.647141e+002 -2.000000e+002 4.500000e+001 -2.000000e+002 4.500000e+001
6403066172.09 -2.000000e+002 4.500000e+001 -4.431519e+001 9.368941e+001 -2.000000e+002 4.500000e+001 -2.000000e+002 4.500000e+001
6428341823.7375 -2.000000e+002 4.500000e+001 -4.740249e+001 -7.529672e+000 -2.000000e+002 4.500000e+001 -2.000000e+002 4.500000e+001
6453617475.385 -2.000000e+002 4.500000e+001 -4.996599e+001 -8.155972e+001 -2.000000e+002 4.500000e+001 -2.000000e+002 4.500000e+001
6478893127.0325 -2.000000e+002 4.500000e+001 -4.452500e+001 -1.710605e+002 -2.000000e+002 4.500000e+001 -2.000000e+002 4.500000e+001
6504168778.68 -2.000000e+002 4.500000e+001 -4.132190e+001 8.189657e+001 -2.000000e+002 4.500000e+001 -2.000000e+002 4.500000e+001
6529444430.3275 -2.000000e+002 4.500000e+001 -3.929072e+001 -2.905688e+001 -2.000000e+002 4.500000e+001 -2.000000e+002 4.500000e+001
6554720081.975 -2.000000e+002 4.500000e+001 -3.797758e+001 -1.488305e+002 -2.000000e+002 4.500000e+001 -2.000000e+002 4.500000e+001
6579995733.6225 -2.000000e+002 4.500000e+001 -3.819806e+001 1.051124e+002 -2.000000e+002 4.500000e+001 -2.000000e+002 4.500000e+001
6605271385.27 -2.000000e+002 4.500000e+001 -3.645911e+001 -2.725199e+000 -2.000000e+002 4.500000e+001 -2.000000e+002 4.500000e+001
6630547036.9175 -2.000000e+002 4.500000e+001 -3.592164e+001 -1.185823e+002 -2.000000e+002 4.500000e+001 -2.000000e+002 4.500000e+001
6655822688.565 -2.000000e+002 4.500000e+001 -3.563733e+001 1.311635e+002 -2.000000e+002 4.500000e+001 -2.000000e+002 4.500000e+001
6681098340.2125 -2.000000e+002 4.500000e+001 -3.478208e+001 1.566227e+001 -2.000000e+002 4.500000e+001 -2.000000e+002 4.500000e+001
6706373991.86 -2.000000e+002 4.500000e+001 -3.550829e+001 -9.940874e+001 -2.000000e+002 4.500000e+001 -2.000000e+002 4.500000e+001
6731649643.5075 -2.000000e+002 4.500000e+001 -3.546360e+001 1.482349e+002 -2.000000e+002 4.500000e+001 -2.000000e+002 4.500000e+001
6756925295.155 -2.000000e+002 4.500000e+001 -3.549993e+001 2.946086e+001 -2.000000e+002 4.500000e+001 -2.000000e+002 4.500000e+001
6782200946.8025 -2.000000e+002 4.500000e+001 -3.670016e+001 -8.802109e+001 -2.000000e+002 4.500000e+001 -2.000000e+002 4.500000e+001
6807476598.45 -2.000000e+002 4.500000e+001 -3.792461e+001 1.521943e+002 -2.000000e+002 4.500000e+001 -2.000000e+002 4.500000e+001
6832752250.0975 -2.000000e+002 4.500000e+001 -4.065157e+001 3.629060e+001 -2.000000e+002 4.500000e+001 -2.000000e+002 4.500000e+001
6858027901.745 -2.000000e+002 4.500000e+001 -4.259863e+001 -6.956025e+001 -2.000000e+002 4.500000e+001 -2.000000e+002 4.500000e+001
6883303553.3925 -2.000000e+002 4.500000e+001 -4.211822e+001 1.768797e+002 -2.000000e+002 4.500000e+001 -2.000000e+002 4.500000e+001
6908579205.04 -2.000000e+002 4.500000e+001 -4.439722e+001 5.562903e+001 -2.000000e+002 4.500000e+001 -2.000000e+002 4.500000e+001
6933854856.6875 -2.000000e+002 4.500000e+001 -4.511819e+001 -5.763421e+001 -2.000000e+002 4.500000e+001 -2.000000e+002 4.500000e+001
6959130508.335 -2.000000e+002 4.500000e+001 -4.627765e+001 -1.777526e+002 -2.000000e+002 4.500000e+001 -2.000000e+002 4.500000e+001
6984406159.9825 -2.000000e+002 4.500000e+001 -4.859381e+001 8.880673e+001 -2.000000e+002 4.500000e+001 -2.000000e+002 4.500000e+001
7009681811.63 -2.000000e+002 4.500000e+001 -4.755878e+001 -3.486720e+001 -2.000000e+002 4.500000e+001 -2.000000e+002 4.500000e+001
7034957463.2775 -2.000000e+002 4.500000e+001 -5.287834e+001 -1.694452e+002 -2.000000e+002 4.500000e+001 -2.000000e+002 4.500000e+001
7060233114.925 -2.000000e+002 4.500000e+001 -5.683459e+001 -1.621037e+002 -2.000000e+002 4.500000e+001 -2.000000e+002 4.500000e+001
7085508766.5725 -2.000000e+002 4.500000e+001 -4.873214e+001 8.015926e+001 -2.000000e+002 4.500000e+001 -2.000000e+002 4.500000e+001
7110784418.22 -2.000000e+002 4.500000e+001 -4.429138e+001 -2.164633e+001 -2.000000e+002 4.500000e+001 -2.000000e+002 4.500000e+001
7136060069.8675 -2.000000e+002 4.500000e+001 -4.036046e+001 -1.463776e+002 -2.000000e+002 4.500000e+001 -2.000000e+002 4.500000e+001
7161335721.515 -2.000000e+002 4.500000e+001 -3.971556e+001 9.631267e+001 -2.000000e+002 4.500000e+001 -2.000000e+002 4.500000e+001
7186611373.1625 -2.000000e+002 4.500000e+001 -3.859993e+001 -1.802765e+001 -2.000000e+002 4.500000e+001 -2.000000e+002 4.500000e+001
7211887024.81 -2.000000e+002 4.500000e+001 -3.716736e+001 -1.361584e+002 -2.000000e+002 4.500000e+001 -2.000000e+002 4.500000e+001
7237162676.4575 -2.000000e+002 4.500000e+001 -3.691703e+001 1.054903e+002 -2.000000e+002 4.500000e+001 -2.000000e+002 4.500000e+001
7262438328.105 -2.000000e+002 4.500000e+001 -3.805926e+001 -1.476162e+001 -2.000000e+002 4.500000e+001 -2.000000e+002 4.500000e+001
7287713979.7525 -2.000000e+002 4.500000e+001 -3.919333e+001 -1.226519e+002 -2.000000e+002 4.500000e+001 -2.000000e+002 4.500000e+001
7312989631.4 -2.000000e+002 4.500000e+001 -3.946165e+001 1.333598e+002 -2.000000e+002 4.500000e+001 -2.000000e+002 4.500000e+001
7338265283.0475 -2.000000e+002 4.500000e+001 -4.003800e+001 1.510966e+001 -2.000000e+002 4.500000e+001 -2.000000e+002 4.500000e+001
7363540934.695 -2.000000e+002 4.500000e+001 -4.095144e+001 -8.663079e+001 -2.000000e+002 4.500000e+001 -2.000000e+002 4.500000e+001
7388816586.3425 -2.000000e+002 4.500000e+001 -4.200893e+001 1.670513e+002 -2.000000e+002 4.500000e+001 -2.000000e+002 4.500000e+001
7414092237.99 -2.000000e+002 4.500000e+001 -4.249499e+001 6.648484e+001 -2.000000e+002 4.500000e+001 -2.000000e+002 4.500000e+001
7439367889.6375 -2.000000e+002 4.500000e+001 -4.159448e+001 -3.061750e+001 -2.000000e+002 4.500000e+001 -2.000000e+002 4.500000e+001
7464643541.285 -2.000000e+002 4.500000e+001 -4.027839e+001 -1.426476e+002 -2.000000e+002 4.500000e+001 -2.000000e+002 4.500000e+001
7489919192.9325 -2.000000e+002 4.500000e+001 -3.946075e+001 9.974596e+001 -2.000000e+002 4.500000e+001 -2.000000e+002 4.500000e+001
7515194844.58 -2.000000e+002 4.500000e+001 -4.002436e+001 -2.075674e+001 -2.000000e+002 4.500000e+001 -2.000000e+002 4.500000e+001
7540470496.2275 -2.000000e+002 4.500000e+001 -4.243476e+001 -1.328491e+002 -2.000000e+002 4.500000e+001 -2.000000e+002 4.500000e+001
7565746147.875 -2.000000e+002 4.500000e+001 -4.509663e+001 1.232167e+002 -2.000000e+002 4.500000e+001 -2.000000e+002 4.500000e+001
7591021799.5225 -2.000000e+002 4.500000e+001 -4.540294e+001 3.413708e+001 -2.000000e+002 4.500000e+001 -2.000000e+002 4.500000e+001
7616297451.17 -2.000000e+002 4.500000e+001 -4.417862e+001 -6.579348e+001 -2.000000e+002 4.500000e+001 -2.000000e+002 4.500000e+001
7641573102.8175 -2.000000e+002 4.500000e+001 -4.254778e+001 -1.662480e+002 -2.000000e+002 4.500000e+001 -2.000000e+002 4.500000e+001
7666848754.465 -2.000000e+002 4.500000e+001 -4.267954e+001 8.517497e+001 -2.000000e+002 4.500000e+001 -2.000000e+002 4.500000e+001
7692124406.1125 -2.000000e+002 4.500000e+001 -4.348965e+001 -2.715218e+001 -2.000000e+002 4.500000e+001 -2.000000e+002 4.500000e+001
7717400057.76 -2.000000e+002 4.500000e+001 -4.482621e+001 -1.302897e+002 -2.000000e+002 4.500000e+001 -2.000000e+002 4.500000e+001
7742675709.4075 -2.000000e+002 4.500000e+001 -4.485564e+001 1.311476e+002 -2.000000e+002 4.500000e+001 -2.000000e+002 4.500000e+001
7767951361.055 -2.000000e+002 4.500000e+001 -4.552382e+001 3.681063e+001 -2.000000e+002 4.500000e+001 -2.000000e+002 4.500000e+001
7793227012.7025 -2.000000e+002 4.500000e+001 -4.584407e+001 -6.040873e+001 -2.000000e+002 4.500000e+001 -2.000000e+002 4.500000e+001
7818502664.35 -2.000000e+002 4.500000e+001 -4.374902e+001 -1.477628e+002 -2.000000e+002 4.500000e+001 -2.000000e+002 4.500000e+001
7843778315.9975 -2.000000e+002 4.500000e+001 -4.221910e+001 1.074836e+002 -2.000000e+002 4.500000e+001 -2.000000e+002 4.500000e+001
7869053967.645 -2.000000e+002 4.500000e+001 -3.949419e+001 3.973671e+000 -2.000000e+002 4.500000e+001 -2.000000e+002 4.500000e+001
7894329619.2925 -2.000000e+002 4.500000e+001 -3.831936e+001 -1.121838e+002 -2.000000e+002 4.500000e+001 -2.000000e+002 4.500000e+001
7919605270.94 -2.000000e+002 4.500000e+001 -3.727208e+001 1.315337e+002 -2.000000e+002 4.500000e+001 -2.000000e+002 4.500000e+001
7944880922.5875 -2.000000e+002 4.500000e+001 -3.761015e+001 1.841288e+001 -2.000000e+002 4.500000e+001 -2.000000e+002 4.500000e+001
7970156574.235 -2.000000e+002 4.500000e+001 -3.789910e+001 -9.349390e+001 -2.000000e+002 4.500000e+001 -2.000000e+002 4.500000e+001
7995432225.8825 -2.000000e+002 4.500000e+001 -3.810412e+001 1.552846e+002 -2.000000e+002 4.500000e+001 -2.000000e+002 4.500000e+001
8020707877.53 -2.000000e+002 4.500000e+001 -3.812788e+001 4.842933e+001 -2.000000e+002 4.500000e+001 -2.000000e+002 4.500000e+001
8045983529.1775 -2.000000e+002 4.500000e+001 -3.784741e+001 -5.911750e+001 -2.000000e+002 4.500000e+001 -2.000000e+002 4.500000e+001
8071259180.825 -2.000000e+002 4.500000e+001 -3.791269e+001 -1.748639e+002 -2.000000e+002 4.500000e+001 -2.000000e+002 4.500000e+001
8096534832.4725 -2.000000e+002 4.500000e+001 -3.793613e+001 7.785596e+001 -2.000000e+002 4.500000e+001 -2.000000e+002 4.500000e+001
8121810484.12 -2.000000e+002 4.500000e+001 -3.884226e+001 -3.216764e+001 -2.000000e+002 4.500000e+001 -2.000000e+002 4.500000e+001
8147086135.7675 -2.000000e+002 4.500000e+001 -3.839516e+001 -1.404095e+002 -2.000000e+002 4.500000e+001 -2.000000e+002 4.500000e+001
8172361787.415 -2.000000e+002 4.500000e+001 -3.838773e+001 1.079013e+002 -2.000000e+002 4.500000e+001 -2.000000e+002 4.500000e+001
8197637439.0625 -2.000000e+002 4.500000e+001 -3.853809e+001 -6.784675e+000 -2.000000e+002 4.500000e+001 -2.000000e+002 4.500000e+001
8222913090.71 -2.000000e+002 4.500000e+001 -3.907173e+001 -1.199580e+002 -2.000000e+002 4.500000e+001 -2.000000e+002 4.500000e+001
8248188742.3575 -2.000000e+002 4.500000e+001 -3.981835e+001 1.208812e+002 -2.000000e+002 4.500000e+001 -2.000000e+002 4.500000e+001
8273464394.005 -2.000000e+002 4.500000e+001 -4.123174e+001 2.741694e+000 -2.000000e+002 4.500000e+001 -2.000000e+002 4.500000e+001
8298740045.6525 -2.000000e+002 4.500000e+001 -4.256427e+001 -1.107857e+002 -2.000000e+002 4.500000e+001 -2.000000e+002 4.500000e+001
8324015697.3 -2.000000e+002 4.500000e+001 -4.436018e+001 1.235100e+002 -2.000000e+002 4.500000e+001 -2.000000e+002 4.500000e+001
8349291348.9475 -2.000000e+002 4.500000e+001 -4.842382e+001 9.929692e+000 -2.000000e+002 4.500000e+001 -2.000000e+002 4.500000e+001
8374567000.595 -2.000000e+002 4.500000e+001 -5.062422e+001 -1.040925e+002 -2.000000e+002 4.500000e+001 -2.000000e+002 4.500000e+001
8399842652.2425 -2.000000e+002 4.500000e+001 -5.139877e+001 1.473989e+002 -2.000000e+002 4.500000e+001 -2.000000e+002 4.500000e+001
8425118303.89 -2.000000e+002 4.500000e+001 -5.090420e+001 -4.325037e+000 -2.000000e+002 4.500000e+001 -2.000000e+002 4.500000e+001
8450393955.5375 -2.000000e+002 4.500000e+001 -5.154043e+001 -1.640506e+002 -2.000000e+002 4.500000e+001 -2.000000e+002 4.500000e+001
8475669607.185 -2.000000e+002 4.500000e+001 -4.967789e+001 5.130079e+001 -2.000000e+002 4.500000e+001 -2.000000e+002 4.500000e+001
8500945258.8325 -2.000000e+002 4.500000e+001 -4.840908e+001 -8.610904e+001 -2.000000e+002 4.500000e+001 -2.000000e+002 4.500000e+001
8526220910.48 -2.000000e+002 4.500000e+001 -4.781464e+001 1.600103e+002 -2.000000e+002 4.500000e+001 -2.000000e+002 4.500000e+001
8551496562.1275 -2.000000e+002 4.500000e+001 -4.780891e+001 4.492327e+001 -2.000000e+002 4.500000e+001 -2.000000e+002 4.500000e+001
8576772213.775 -2.000000e+002 4.500000e+001 -4.581792e+001 -6.043183e+001 -2.000000e+002 4.500000e+001 -2.000000e+002 4.500000e+001
8602047865.4225 -2.000000e+002 4.500000e+001 -4.465520e+001 -1.713372e+002 -2.000000e+002 4.500000e+001 -2.000000e+002 4.500000e+001
8627323517.07 -2.000000e+002 4.500000e+001 -4.347212e+001 7.526911e+001 -2.000000e+002 4.500000e+001 -2.000000e+002 4.500000e+001
8652599168.7175 -2.000000e+002 4.500000e+001 -4.353074e+001 -3.786633e+001 -2.000000e+002 4.500000e+001 -2.000000e+002 4.500000e+001
8677874820.365 -2.000000e+002 4.500000e+001 -4.327385e+001 -1.425904e+002 -2.000000e+002 4.500000e+001 -2.000000e+002 4.500000e+001
8703150472.0125 -2.000000e+002 4.500000e+001 -4.243030e+001 1.052125e+002 -2.000000e+002 4.500000e+001 -2.000000e+002 4.500000e+001
8728426123.66 -2.000000e+002 4.500000e+001 -4.251051e+001 -5.550368e-001 -2.000000e+002 4.500000e+001 -2.000000e+002 4.500000e+001
8753701775.3075 -2.000000e+002 4.500000e+001 -4.121887e+001 -1.065561e+002 -2.000000e+002 4.500000e+001 -2.000000e+002 4.500000e+001
8778977426.955 -2.000000e+002 4.500000e+001 -4.042682e+001 1.334383e+002 -2.000000e+002 4.500000e+001 -2.000000e+002 4.500000e+001
8804253078.6025 -2.000000e+002 4.500000e+001 -4.112832e+001 2.664391e+001 -2.000000e+002 4.500000e+001 -2.000000e+002 4.500000e+001
8829528730.25 -2.000000e+002 4.500000e+001 -4.049294e+001 -8.198925e+001 -2.000000e+002 4.500000e+001 -2.000000e+002 4.500000e+001
8854804381.8975 -2.000000e+002 4.500000e+001 -4.052535e+001 1.720471e+002 -2.000000e+002 4.500000e+001 -2.000000e+002 4.500000e+001
8880080033.545 -2.000000e+002 4.500000e+001 -3.876124e+001 6.720972e+001 -2.000000e+002 4.500000e+001 -2.000000e+002 4.500000e+001
8905355685.1925 -2.000000e+002 4.500000e+001 -3.714862e+001 -5.269245e+001 -2.000000e+002 4.500000e+001 -2.000000e+002 4.500000e+001
8930631336.84 -2.000000e+002 4.500000e+001 -3.755310e+001 -1.705029e+002 -2.000000e+002 4.500000e+001 -2.000000e+002 4.500000e+001
8955906988.4875 -2.000000e+002 4.500000e+001 -3.693999e+001 8.153287e+001 -2.000000e+002 4.500000e+001 -2.000000e+002 4.500000e+001
8981182640.135 -2.000000e+002 4.500000e+001 -3.639436e+001 -3.262092e+001 -2.000000e+002 4.500000e+001 -2.000000e+002 4.500000e+001
9006458291.7825 -2.000000e+002 4.500000e+001 -3.583212e+001 -1.434227e+002 -2.000000e+002 4.500000e+001 -2.000000e+002 4.500000e+001
9031733943.43 -2.000000e+002 4.500000e+001 -3.476496e+001 9.832286e+001 -2.000000e+002 4.500000e+001 -2.000000e+002 4.500000e+001
9057009595.0775 -2.000000e+002 4.500000e+001 -3.517115e+001 -2.101025e+001 -2.000000e+002 4.500000e+001 -2.000000e+002 4.500000e+001
9082285246.725 -2.000000e+002 4.500000e+001 -3.621884e+001 -1.295966e+002 -2.000000e+002 4.500000e+001 -2.000000e+002 4.500000e+001
9107560898.3725 -2.000000e+002 4.500000e+001 -3.593263e+001 1.243888e+002 -2.000000e+002 4.500000e+001 -2.000000e+002 4.500000e+001
9132836550.02 -2.000000e+002 4.500000e+001 -3.585777e+001 1.318052e+001 -2.000000e+002 4.500000e+001 -2.000000e+002 4.500000e+001
9158112201.6675 -2.000000e+002 4.500000e+001 -3.602904e+001 -9.616829e+001 -2.000000e+002 4.500000e+001 -2.000000e+002 4.500000e+001
9183387853.315 -2.000000e+002 4.500000e+001 -3.652724e+001 1.534411e+002 -2.000000e+002 4.500000e+001 -2.000000e+002 4.500000e+001
9208663504.9625 -2.000000e+002 4.500000e+001 -3.671017e+001 5.223484e+001 -2.000000e+002 4.500000e+001 -2.000000e+002 4.500000e+001
9233939156.61 -2.000000e+002 4.500000e+001 -3.569029e+001 -5.893574e+001 -2.000000e+002 4.500000e+001 -2.000000e+002 4.500000e+001
9259214808.2575 -2.000000e+002 4.500000e+001 -3.596722e+001 -1.731092e+002 -2.000000e+002 4.500000e+001 -2.000000e+002 4.500000e+001
9284490459.905 -2.000000e+002 4.500000e+001 -3.647635e+001 7.556971e+001 -2.000000e+002 4.500000e+001 -2.000000e+002 4.500000e+001
9309766111.5525 -2.000000e+002 4.500000e+001 -3.707467e+001 -3.621990e+001 -2.000000e+002 4.500000e+001 -2.000000e+002 4.500000e+001
9335041763.2 -2.000000e+002 4.500000e+001 -3.767043e+001 -1.420110e+002 -2.000000e+002 4.500000e+001 -2.000000e+002 4.500000e+001
9360317414.8475 -2.000000e+002 4.500000e+001 -3.657995e+001 1.076159e+002 -2.000000e+002 4.500000e+001 -2.000000e+002 4.500000e+001
9385593066.495 -2.000000e+002 4.500000e+001 -3.682919e+001 -1.219948e+001 -2.000000e+002 4.500000e+001 -2.000000e+002 4.500000e+001
9410868718.1425 -2.000000e+002 4.500000e+001 -3.797166e+001 -1.290578e+002 -2.000000e+002 4.500000e+001 -2.000000e+002 4.500000e+001
9436144369.79 -2.000000e+002 4.500000e+001 -3.913261e+001 1.219603e+002 -2.000000e+002 4.500000e+001 -2.000000e+002 4.500000e+001
9461420021.4375 -2.000000e+002 4.500000e+001 -3.953752e+001 1.022261e+001 -2.000000e+002 4.500000e+001 -2.000000e+002 4.500000e+001
9486695673.085 -2.000000e+002 4.500000e+001 -4.027095e+001 -9.977689e+001 -2.000000e+002 4.500000e+001 -2.000000e+002 4.500000e+001
9511971324.7325 -2.000000e+002 4.500000e+001 -4.128262e+001 1.485013e+002 -2.000000e+002 4.500000e+001 -2.000000e+002 4.500000e+001
9537246976.38 -2.000000e+002 4.500000e+001 -4.214516e+001 4.294211e+001 -2.000000e+002 4.500000e+001 -2.000000e+002 4.500000e+001
9562522628.0275 -2.000000e+002 4.500000e+001 -4.173163e+001 -6.546928e+001 -2.000000e+002 4.500000e+001 -2.000000e+002 4.500000e+001
9587798279.675 -2.000000e+002 4.500000e+001 -4.134090e+001 -1.792753e+002 -2.000000e+002 4.500000e+001 -2.000000e+002 4.500000e+001
9613073931.3225 -2.000000e+002 4.500000e+001 -4.086808e+001 6.237798e+001 -2.000000e+002 4.500000e+001 -2.000000e+002 4.500000e+001
9638349582.97 -2.000000e+002 4.500000e+001 -4.184878e+001 -6.052078e+001 -2.000000e+002 4.500000e+001 -2.000000e+002 4.500000e+001
9663625234.6175 -2.000000e+002 4.500000e+001 -4.309075e+001 -1.799146e+002 -2.000000e+002 4.500000e+001 -2.000000e+002 4.500000e+001
9688900886.265 -2.000000e+002 4.500000e+001 -4.358638e+001 6.681768e+001 -2.000000e+002 4.500000e+001 -2.000000e+002 4.500000e+001
9714176537.9125 -2.000000e+002 4.500000e+001 -4.365832e+001 -6.333598e+001 -2.000000e+002 4.500000e+001 -2.000000e+002 4.500000e+001
9739452189.56 -2.000000e+002 4.500000e+001 -4.573693e+001 1.674790e+002 -2.000000e+002 4.500000e+001 -2.000000e+002 4.500000e+001
9764727841.2075 -2.000000e+002 4.500000e+001 -4.904876e+001 5.761450e+001 -2.000000e+002 4.500000e+001 -2.000000e+002 4.500000e+001
9790003492.855 -2.000000e+002 4.500000e+001 -4.929272e+001 -6.136745e+001 -2.000000e+002 4.500000e+001 -2.000000e+002 4.500000e+001
9815279144.5025 -2.000000e+002 4.500000e+001 -5.147330e+001 -1.649511e+002 -2.000000e+002 4.500000e+001 -2.000000e+002 4.500000e+001
9840554796.15 -2.000000e+002 4.500000e+001 -4.910810e+001 7.401395e+001 -2.000000e+002 4.500000e+001 -2.000000e+002 4.500000e+001
9865830447.7975 -2.000000e+002 4.500000e+001 -4.983141e+001 -4.306857e+001 -2.000000e+002 4.500000e+001 -2.000000e+002 4.500000e+001
9891106099.445 -2.000000e+002 4.500000e+001 -5.112516e+001 -1.560597e+002 -2.000000e+002 4.500000e+001 -2.000000e+002 4.500000e+001
9916381751.0925 -2.000000e+002 4.500000e+001 -5.308148e+001 1.087101e+002 -2.000000e+002 4.500000e+001 -2.000000e+002 4.500000e+001
9941657402.74 -2.000000e+002 4.500000e+001 -4.860213e+001 9.780449e+000 -2.000000e+002 4.500000e+001 -2.000000e+002 4.500000e+001
9966933054.3875 -2.000000e+002 4.500000e+001 -4.707028e+001 -1.053374e+002 -2.000000e+002 4.500000e+001 -2.000000e+002 4.500000e+001
9992208706.035 -2.000000e+002 4.500000e+001 -4.449798e+001 1.408346e+002 -2.000000e+002 4.500000e+001 -2.000000e+002 4.500000e+001
10017484357.683 -2.000000e+002 4.500000e+001 -4.498416e+001 2.315653e+001 -2.000000e+002 4.500000e+001 -2.000000e+002 4.500000e+001
10042760009.33 -2.000000e+002 4.500000e+001 -4.304100e+001 -8.336690e+001 -2.000000e+002 4.500000e+001 -2.000000e+002 4.500000e+001
10068035660.978 -2.000000e+002 4.500000e+001 -4.254253e+001 1.533880e+002 -2.000000e+002 4.500000e+001 -2.000000e+002 4.500000e+001
10093311312.625 -2.000000e+002 4.500000e+001 -4.331063e+001 3.071549e+001 -2.000000e+002 4.500000e+001 -2.000000e+002 4.500000e+001
10118586964.273 -2.000000e+002 4.500000e+001 -4.369357e+001 -9.129826e+001 -2.000000e+002 4.500000e+001 -2.000000e+002 4.500000e+001
10143862615.92 -2.000000e+002 4.500000e+001 -4.515414e+001 1.535800e+002 -2.000000e+002 4.500000e+001 -2.000000e+002 4.500000e+001
10169138267.568 -2.000000e+002 4.500000e+001 -4.583893e+001 4.067239e+001 -2.000000e+002 4.500000e+001 -2.000000e+002 4.500000e+001
10194413919.215 -2.000000e+002 4.500000e+001 -4.697332e+001 -7.345374e+001 -2.000000e+002 4.500000e+001 -2.000000e+002 4.500000e+001
10219689570.863 -2.000000e+002 4.500000e+001 -4.820114e+001 1.664890e+002 -2.000000e+002 4.500000e+001 -2.000000e+002 4.500000e+001
10244965222.51 -2.000000e+002 4.500000e+001 -5.107514e+001 6.585479e+001 -2.000000e+002 4.500000e+001 -2.000000e+002 4.500000e+001
10270240874.158 -2.000000e+002 4.500000e+001 -5.094633e+001 -3.563677e+001 -2.000000e+002 4.500000e+001 -2.000000e+002 4.500000e+001
10295516525.805 -2.000000e+002 4.500000e+001 -4.965979e+001 -1.440076e+002 -2.000000e+002 4.500000e+001 -2.000000e+002 4.500000e+001
10320792177.452 -2.000000e+002 4.500000e+001 -4.936405e+001 8.694773e+001 -2.000000e+002 4.500000e+001 -2.000000e+002 4.500000e+001
10346067829.1 -2.000000e+002 4.500000e+001 -4.993331e+001 -4.451319e+001 -2.000000e+002 4.500000e+001 -2.000000e+002 4.500000e+001
10371343480.747 -2.000000e+002 4.500000e+001 -5.071423e+001 -1.553172e+002 -2.000000e+002 4.500000e+001 -2.000000e+002 4.500000e+001
10396619132.395 -2.000000e+002 4.500000e+001 -5.143158e+001 7.146293e+001 -2.000000e+002 4.500000e+001 -2.000000e+002 4.500000e+001
10421894784.043 -2.000000e+002 4.500000e+001 -5.209591e+001 -5.153422e+001 -2.000000e+002 4.500000e+001 -2.000000e+002 4.500000e+001
10447170435.69 -2.000000e+002 4.500000e+001 -5.221044e+001 -1.633363e+002 -2.000000e+002 4.500000e+001 -2.000000e+002 4.500000e+001
10472446087.338 -2.000000e+002 4.500000e+001 -5.332434e+001 6.872622e+001 -2.000000e+002 4.500000e+001 -2.000000e+002 4.500000e+001
10497721738.985 -2.000000e+002 4.500000e+001 -5.031354e+001 -3.813125e+001 -2.000000e+002 4.500000e+001 -2.000000e+002 4.500000e+001
10522997390.633 -2.000000e+002 4.500000e+001 -5.081678e+001 -1.650325e+002 -2.000000e+002 4.500000e+001 -2.000000e+002 4.500000e+001
10548273042.28 -2.000000e+002 4.500000e+001 -4.863813e+001 8.211195e+001 -2.000000e+002 4.500000e+001 -2.000000e+002 4.500000e+001
10573548693.928 -2.000000e+002 4.500000e+001 -4.896291e+001 -4.024839e+001 -2.000000e+002 4.500000e+001 -2.000000e+002 4.500000e+001
10598824345.575 -2.000000e+002 4.500000e+001 -4.954498e+001 -1.395662e+002 -2.000000e+002 4.500000e+001 -2.000000e+002 4.500000e+001
10624099997.223 -2.000000e+002 4.500000e+001 -4.544803e+001 1.095776e+002 -2.000000e+002 4.500000e+001 -2.000000e+002 4.500000e+001
10649375648.87 -2.000000e+002 4.500000e+001 -4.435582e+001 -3.711716e+000 -2.000000e+002 4.500000e+001 -2.000000e+002 4.500000e+001
10674651300.518 -2.000000e+002 4.500000e+001 -4.193140e+001 -1.218354e+002 -2.000000e+002 4.500000e+001 -2.000000e+002 4.500000e+001
10699926952.165 -2.000000e+002 4.500000e+001 -4.106040e+001 1.213857e+002 -2.000000e+002 4.500000e+001 -2.000000e+002 4.500000e+001
10725202603.813 -2.000000e+002 4.500000e+001 -4.018124e+001 3.658593e+000 -2.000000e+002 4.500000e+001 -2.000000e+002 4.500000e+001
10750478255.46 -2.000000e+002 4.500000e+001 -3.984245e+001 -1.145667e+002 -2.000000e+002 4.500000e+001 -2.000000e+002 4.500000e+001
10775753907.108 -2.000000e+002 4.500000e+001 -3.992977e+001 1.262247e+002 -2.000000e+002 4.500000e+001 -2.000000e+002 4.500000e+001
10801029558.755 -2.000000e+002 4.500000e+001 -4.114570e+001 4.516671e+000 -2.000000e+002 4.500000e+001 -2.000000e+002 4.500000e+001
10826305210.403 -2.000000e+002 4.500000e+001 -4.302818e+001 -1.047018e+002 -2.000000e+002 4.500000e+001 -2.000000e+002 4.500000e+001
10851580862.05 -2.000000e+002 4.500000e+001 -4.351113e+001 1.432949e+002 -2.000000e+002 4.500000e+001 -2.000000e+002 4.500000e+001
10876856513.698 -2.000000e+002 4.500000e+001 -4.465031e+001 3.696520e+001 -2.000000e+002 4.500000e+001 -2.000000e+002 4.500000e+001
10902132165.345 -2.000000e+002 4.500000e+001 -4.390515e+001 -7.667424e+001 -2.000000e+002 4.500000e+001 -2.000000e+002 4.500000e+001
10927407816.993 -2.000000e+002 4.500000e+001 -4.479254e+001 1.675858e+002 -2.000000e+002 4.500000e+001 -2.000000e+002 4.500000e+001
10952683468.64 -2.000000e+002 4.500000e+001 -4.503286e+001 4.490936e+001 -2.000000e+002 4.500000e+001 -2.000000e+002 4.500000e+001
10977959120.288 -2.000000e+002 4.500000e+001 -4.821406e+001 -6.657867e+001 -2.000000e+002 4.500000e+001 -2.000000e+002 4.500000e+001
11003234771.935 -2.000000e+002 4.500000e+001 -5.019626e+001 -1.766234e+002 -2.000000e+002 4.500000e+001 -2.000000e+002 4.500000e+001
11028510423.583 -2.000000e+002 4.500000e+001 -5.245202e+001 8.015639e+001 -2.000000e+002 4.500000e+001 -2.000000e+002 4.500000e+001
11053786075.23 -2.000000e+002 4.500000e+001 -5.428928e+001 -1.703708e+001 -2.000000e+002 4.500000e+001 -2.000000e+002 4.500000e+001
11079061726.878 -2.000000e+002 4.500000e+001 -5.711103e+001 -1.129380e+002 -2.000000e+002 4.500000e+001 -2.000000e+002 4.500000e+001
11104337378.525 -2.000000e+002 4.500000e+001 -5.623728e+001 1.456098e+002 -2.000000e+002 4.500000e+001 -2.000000e+002 4.500000e+001
11129613030.173 -2.000000e+002 4.500000e+001 -5.966499e+001 6.653077e+001 -2.000000e+002 4.500000e+001 -2.000000e+002 4.500000e+001
11154888681.82 -2.000000e+002 4.500000e+001 -5.878263e+001 -2.425138e+001 -2.000000e+002 4.500000e+001 -2.000000e+002 4.500000e+001
11180164333.468 -2.000000e+002 4.500000e+001 -5.480260e+001 -1.194866e+002 -2.000000e+002 4.500000e+001 -2.000000e+002 4.500000e+001
11205439985.115 -2.000000e+002 4.500000e+001 -5.339421e+001 1.147060e+002 -2.000000e+002 4.500000e+001 -2.000000e+002 4.500000e+001
11230715636.763 -2.000000e+002 4.500000e+001 -5.646852e+001 -5.277857e+000 -2.000000e+002 4.500000e+001 -2.000000e+002 4.500000e+001
11255991288.41 -2.000000e+002 4.500000e+001 -6.439956e+001 -9.494007e+001 -2.000000e+002 4.500000e+001 -2.000000e+002 4.500000e+001
11281266940.058 -2.000000e+002 4.500000e+001 -5.713731e+001 -1.436517e+002 -2.000000e+002 4.500000e+001 -2.000000e+002 4.500000e+001
11306542591.705 -2.000000e+002 4.500000e+001 -5.120171e+001 1.056516e+002 -2.000000e+002 4.500000e+001 -2.000000e+002 4.500000e+001
11331818243.353 -2.000000e+002 4.500000e+001 -4.839618e+001 -2.121563e+000 -2.000000e+002 4.500000e+001 -2.000000e+002 4.500000e+001
11357093895 -2.000000e+002 4.500000e+001 -4.451656e+001 -1.169957e+002 -2.000000e+002 4.500000e+001 -2.000000e+002 4.500000e+001
