
1246833236 -2.000000e+002 4.500000e+001 -3.225315e+001 -2.007174e+001 -2.000000e+002 4.500000e+001 -2.000000e+002 4.500000e+001
1272108887.6475 -2.000000e+002 4.500000e+001 -3.145511e+001 -1.377670e+002 -2.000000e+002 4.500000e+001 -2.000000e+002 4.500000e+001
1297384539.295 -2.000000e+002 4.500000e+001 -2.744989e+001 1.141752e+002 -2.000000e+002 4.500000e+001 -2.000000e+002 4.500000e+001
1322660190.9425 -2.000000e+002 4.500000e+001 -2.805614e+001 -2.258194e+001 -2.000000e+002 4.500000e+001 -2.000000e+002 4.500000e+001
1347935842.59 -2.000000e+002 4.500000e+001 -3.106699e+001 -1.133703e+002 -2.000000e+002 4.500000e+001 -2.000000e+002 4.500000e+001
1373211494.2375 -2.000000e+002 4.500000e+001 -2.970411e+001 1.408862e+002 -2.000000e+002 4.500000e+001 -2.000000e+002 4.500000e+001
1398487145.885 -2.000000e+002 4.500000e+001 -2.880434e+001 4.014763e+001 -2.000000e+002 4.500000e+001 -2.000000e+002 4.500000e+001
1423762797.5325 -2.000000e+002 4.500000e+001 -2.794663e+001 -6.239618e+001 -2.000000e+002 4.500000e+001 -2.000000e+002 4.500000e+001
1449038449.18 -2.000000e+002 4.500000e+001 -2.583729e+001 -1.700711e+002 -2.000000e+002 4.500000e+001 -2.000000e+002 4.500000e+001
1474314100.8275 -2.000000e+002 4.500000e+001 -2.494097e+001 6.012970e+001 -2.000000e+002 4.500000e+001 -2.000000e+002 4.500000e+001
1499589752.475 -2.000000e+002 4.500000e+001 -2.784764e+001 -5.253900e+001 -2.000000e+002 4.500000e+001 -2.000000e+002 4.500000e+001
1524865404.1225 -2.000000e+002 4.500000e+001 -2.899822e+001 -1.637883e+002 -2.000000e+002 4.500000e+001 -2.000000e+002 4.500000e+001
1550141055.77 -2.000000e+002 4.500000e+001 -3.203687e+001 9.592529e+001 -2.000000e+002 4.500000e+001 -2.000000e+002 4.500000e+001
1575416707.4175 -2.000000e+002 4.500000e+001 -3.134695e+001 9.532478e+000 -2.000000e+002 4.500000e+001 -2.000000e+002 4.500000e+001
1600692359.065 -2.000000e+002 4.500000e+001 -2.753862e+001 -9.823318e+001 -2.000000e+002 4.500000e+001 -2.000000e+002 4.500000e+001
1625968010.7125 -2.000000e+002 4.500000e+001 -2.768849e+001 1.384760e+002 -2.000000e+002 4.500000e+001 -2.000000e+002 4.500000e+001
1651243662.36 -2.000000e+002 4.500000e+001 -2.700053e+001 2.657701e+001 -2.000000e+002 4.500000e+001 -2.000000e+002 4.500000e+001
1676519314.0075 -2.000000e+002 4.500000e+001 -2.815362e+001 -1.003102e+002 -2.000000e+002 4.500000e+001 -2.000000e+002 4.500000e+001
1701794965.655 -2.000000e+002 4.500000e+001 -3.114743e+001 1.593822e+002 -2.000000e+002 4.500000e+001 -2.000000e+002 4.500000e+001
1727070617.3025 -2.000000e+002 4.500000e+001 -3.003255e+001 5.063989e+001 -2.000000e+002 4.500000e+001 -2.000000e+002 4.500000e+001
1752346268.95 -2.000000e+002 4.500000e+001 -3.091011e+001 -8.579429e+001 -2.000000e+002 4.500000e+001 -2.000000e+002 4.500000e+001
1777621920.5975 -2.000000e+002 4.500000e+001 -3.798143e+001 1.562767e+002 -2.000000e+002 4.500000e+001 -2.000000e+002 4.500000e+001
1802897572.245 -2.000000e+002 4.500000e+001 -5.143020e+001 7.884772e+001 -2.000000e+002 4.500000e+001 -2.000000e+002 4.500000e+001
1828173223.8925 -2.000000e+002 4.500000e+001 -3.705886e+001 6.019484e+001 -2.000000e+002 4.500000e+001 -2.000000e+002 4.500000e+001
1853448875.54 -2.000000e+002 4.500000e+001 -3.027979e+001 -5.856219e+001 -2.000000e+002 4.500000e+001 -2.000000e+002 4.500000e+001
1878724527.1875 -2.000000e+002 4.500000e+001 -2.890489e+001 1.585811e+002 -2.000000e+002 4.500000e+001 -2.000000e+002 4.500000e+001
1904000178.835 -2.000000e+002 4.500000e+001 -3.056000e+001 3.009809e+001 -2.000000e+002 4.500000e+001 -2.000000e+002 4.500000e+001
1929275830.4825 -2.000000e+002 4.500000e+001 -3.221240e+001 -8.956168e+001 -2.000000e+002 4.500000e+001 -2.000000e+002 4.500000e+001
1954551482.13 -2.000000e+002 4.500000e+001 -3.378970e+001 1.500280e+002 -2.000000e+002 4.500000e+001 -2.000000e+002 4.500000e+001
1979827133.7775 -2.000000e+002 4.500000e+001 -3.965434e+001 5.068921e+001 -2.000000e+002 4.500000e+001 -2.000000e+002 4.500000e+001
2005102785.425 -2.000000e+002 4.500000e+001 -3.815855e+001 -4.345956e+001 -2.000000e+002 4.500000e+001 -2.000000e+002 4.500000e+001
2030378437.0725 -2.000000e+002 4.500000e+001 -3.455331e+001 -1.558153e+002 -2.000000e+002 4.500000e+001 -2.000000e+002 4.500000e+001
2055654088.72 -2.000000e+002 4.500000e+001 -3.409071e+001 6.669270e+001 -2.000000e+002 4.500000e+001 -2.000000e+002 4.500000e+001
2080929740.3675 -2.000000e+002 4.500000e+001 -3.139996e+001 -5.982517e+001 -2.000000e+002 4.500000e+001 -2.000000e+002 4.500000e+001
2106205392.015 -2.000000e+002 4.500000e+001 -3.122674e+001 1.670400e+002 -2.000000e+002 4.500000e+001 -2.000000e+002 4.500000e+001
2131481043.6625 -2.000000e+002 4.500000e+001 -2.885362e+001 4.327606e+001 -2.000000e+002 4.500000e+001 -2.000000e+002 4.500000e+001
2156756695.31 -2.000000e+002 4.500000e+001 -2.799927e+001 -8.199940e+001 -2.000000e+002 4.500000e+001 -2.000000e+002 4.500000e+001
2182032346.9575 -2.000000e+002 4.500000e+001 -2.691205e+001 1.496614e+002 -2.000000e+002 4.500000e+001 -2.000000e+002 4.500000e+001
2207307998.605 -2.000000e+002 4.500000e+001 -2.683231e+001 2.967871e+001 -2.000000e+002 4.500000e+001 -2.000000e+002 4.500000e+001
2232583650.2525 -2.000000e+002 4.500000e+001 -2.736290e+001 -8.991856e+001 -2.000000e+002 4.500000e+001 -2.000000e+002 4.500000e+001
2257859301.9 -2.000000e+002 4.500000e+001 -2.791758e+001 1.637307e+002 -2.000000e+002 4.500000e+001 -2.000000e+002 4.500000e+001
2283134953.5475 -2.000000e+002 4.500000e+001 -2.674999e+001 5.361831e+001 -2.000000e+002 4.500000e+001 -2.000000e+002 4.500000e+001
2308410605.195 -2.000000e+002 4.500000e+001 -2.635494e+001 -6.265949e+001 -2.000000e+002 4.500000e+001 -2.000000e+002 4.500000e+001
2333686256.8425 -2.000000e+002 4.500000e+001 -2.630796e+001 -1.787785e+002 -2.000000e+002 4.500000e+001 -2.000000e+002 4.500000e+001
2358961908.49 -2.000000e+002 4.500000e+001 -2.640447e+001 6.653737e+001 -2.000000e+002 4.500000e+001 -2.000000e+002 4.500000e+001
2384237560.1375 -2.000000e+002 4.500000e+001 -2.767924e+001 -5.035831e+001 -2.000000e+002 4.500000e+001 -2.000000e+002 4.500000e+001
2409513211.785 -2.000000e+002 4.500000e+001 -2.743259e+001 -1.631060e+002 -2.000000e+002 4.500000e+001 -2.000000e+002 4.500000e+001
2434788863.4325 -2.000000e+002 4.500000e+001 -2.857129e+001 8.470089e+001 -2.000000e+002 4.500000e+001 -2.000000e+002 4.500000e+001
2460064515.08 -2.000000e+002 4.500000e+001 -2.912288e+001 -2.351886e+001 -2.000000e+002 4.500000e+001 -2.000000e+002 4.500000e+001
2485340166.7275 -2.000000e+002 4.500000e+001 -2.875269e+001 -1.424072e+002 -2.000000e+002 4.500000e+001 -2.000000e+002 4.500000e+001
2510615818.375 -2.000000e+002 4.500000e+001 -3.139443e+001 9.435886e+001 -2.000000e+002 4.500000e+001 -2.000000e+002 4.500000e+001
2535891470.0225 -2.000000e+002 4.500000e+001 -3.446539e+001 -2.844654e+001 -2.000000e+002 4.500000e+001 -2.000000e+002 4.500000e+001
2561167121.67 -2.000000e+002 4.500000e+001 -3.776040e+001 -1.285511e+002 -2.000000e+002 4.500000e+001 -2.000000e+002 4.500000e+001
2586442773.3175 -2.000000e+002 4.500000e+001 -4.393444e+001 1.107923e+002 -2.000000e+002 4.500000e+001 -2.000000e+002 4.500000e+001
2611718424.965 -2.000000e+002 4.500000e+001 -5.220986e+001 -1.767685e+002 -2.000000e+002 4.500000e+001 -2.000000e+002 4.500000e+001
2636994076.6125 -2.000000e+002 4.500000e+001 -4.074294e+001 5.508232e+001 -2.000000e+002 4.500000e+001 -2.000000e+002 4.500000e+001
2662269728.26 -2.000000e+002 4.500000e+001 -3.603404e+001 -5.868777e+001 -2.000000e+002 4.500000e+001 -2.000000e+002 4.500000e+001
2687545379.9075 -2.000000e+002 4.500000e+001 -3.292702e+001 1.765354e+002 -2.000000e+002 4.500000e+001 -2.000000e+002 4.500000e+001
2712821031.555 -2.000000e+002 4.500000e+001 -3.094402e+001 5.912392e+001 -2.000000e+002 4.500000e+001 -2.000000e+002 4.500000e+001
2738096683.2025 -2.000000e+002 4.500000e+001 -3.048856e+001 -6.307646e+001 -2.000000e+002 4.500000e+001 -2.000000e+002 4.500000e+001
2763372334.85 -2.000000e+002 4.500000e+001 -3.261901e+001 -1.752458e+002 -2.000000e+002 4.500000e+001 -2.000000e+002 4.500000e+001
2788647986.4975 -2.000000e+002 4.500000e+001 -3.186695e+001 8.126958e+001 -2.000000e+002 4.500000e+001 -2.000000e+002 4.500000e+001
2813923638.145 -2.000000e+002 4.500000e+001 -3.199491e+001 -2.103193e+001 -2.000000e+002 4.500000e+001 -2.000000e+002 4.500000e+001
2839199289.7925 -2.000000e+002 4.500000e+001 -3.190485e+001 -1.283789e+002 -2.000000e+002 4.500000e+001 -2.000000e+002 4.500000e+001
2864474941.44 -2.000000e+002 4.500000e+001 -3.136259e+001 1.247682e+002 -2.000000e+002 4.500000e+001 -2.000000e+002 4.500000e+001
2889750593.0875 -2.000000e+002 4.500000e+001 -2.980842e+001 1.484990e+001 -2.000000e+002 4.500000e+001 -2.000000e+002 4.500000e+001
2915026244.735 -2.000000e+002 4.500000e+001 -3.036375e+001 -1.070302e+002 -2.000000e+002 4.500000e+001 -2.000000e+002 4.500000e+001
2940301896.3825 -2.000000e+002 4.500000e+001 -3.191003e+001 1.472602e+002 -2.000000e+002 4.500000e+001 -2.000000e+002 4.500000e+001
2965577548.03 -2.000000e+002 4.500000e+001 -3.056085e+001 4.437381e+001 -2.000000e+002 4.500000e+001 -2.000000e+002 4.500000e+001
2990853199.6775 -2.000000e+002 4.500000e+001 -2.999900e+001 -7.868633e+001 -2.000000e+002 4.500000e+001 -2.000000e+002 4.500000e+001
3016128851.325 -2.000000e+002 4.500000e+001 -3.104228e+001 1.599378e+002 -2.000000e+002 4.500000e+001 -2.000000e+002 4.500000e+001
3041404502.9725 -2.000000e+002 4.500000e+001 -3.230572e+001 4.432605e+001 -2.000000e+002 4.500000e+001 -2.000000e+002 4.500000e+001
3066680154.62 -2.000000e+002 4.500000e+001 -3.369904e+001 -7.834290e+001 -2.000000e+002 4.500000e+001 -2.000000e+002 4.500000e+001
3091955806.2675 -2.000000e+002 4.500000e+001 -3.586380e+001 1.651385e+002 -2.000000e+002 4.500000e+001 -2.000000e+002 4.500000e+001
3117231457.915 -2.000000e+002 4.500000e+001 -3.807741e+001 5.240322e+001 -2.000000e+002 4.500000e+001 -2.000000e+002 4.500000e+001
3142507109.5625 -2.000000e+002 4.500000e+001 -3.846763e+001 -5.601214e+001 -2.000000e+002 4.500000e+001 -2.000000e+002 4.500000e+001
3167782761.21 -2.000000e+002 4.500000e+001 -3.615088e+001 -1.701602e+002 -2.000000e+002 4.500000e+001 -2.000000e+002 4.500000e+001
3193058412.8575 -2.000000e+002 4.500000e+001 -3.438219e+001 6.856914e+001 -2.000000e+002 4.500000e+001 -2.000000e+002 4.500000e+001
3218334064.505 -2.000000e+002 4.500000e+001 -3.230101e+001 -6.071681e+001 -2.000000e+002 4.500000e+001 -2.000000e+002 4.500000e+001
3243609716.1525 -2.000000e+002 4.500000e+001 -3.153906e+001 1.703209e+002 -2.000000e+002 4.500000e+001 -2.000000e+002 4.500000e+001
3268885367.8 -2.000000e+002 4.500000e+001 -3.092000e+001 4.337426e+001 -2.000000e+002 4.500000e+001 -2.000000e+002 4.500000e+001
3294161019.4475 -2.000000e+002 4.500000e+001 -3.068100e+001 -7.661691e+001 -2.000000e+002 4.500000e+001 -2.000000e+002 4.500000e+001
3319436671.095 -2.000000e+002 4.500000e+001 -3.016522e+001 1.578262e+002 -2.000000e+002 4.500000e+001 -2.000000e+002 4.500000e+001
3344712322.7425 -2.000000e+002 4.500000e+001 -3.085336e+001 3.848309e+001 -2.000000e+002 4.500000e+001 -2.000000e+002 4.500000e+001
3369987974.39 -2.000000e+002 4.500000e+001 -3.198110e+001 -7.618684e+001 -2.000000e+002 4.500000e+001 -2.000000e+002 4.500000e+001
3395263626.0375 -2.000000e+002 4.500000e+001 -3.222031e+001 1.734740e+002 -2.000000e+002 4.500000e+001 -2.000000e+002 4.500000e+001
3420539277.685 -2.000000e+002 4.500000e+001 -3.227473e+001 6.470047e+001 -2.000000e+002 4.500000e+001 -2.000000e+002 4.500000e+001
3445814929.3325 -2.000000e+002 4.500000e+001 -3.197441e+001 -5.045823e+001 -2.000000e+002 4.500000e+001 -2.000000e+002 4.500000e+001
3471090580.98 -2.000000e+002 4.500000e+001 -3.324679e+001 -1.652927e+002 -2.000000e+002 4.500000e+001 -2.000000e+002 4.500000e+001
3496366232.6275 -2.000000e+002 4.500000e+001 -3.476593e+001 9.551244e+001 -2.000000e+002 4.500000e+001 -2.000000e+002 4.500000e+001
3521641884.275 -2.000000e+002 4.500000e+001 -3.366377e+001 -4.906691e+000 -2.000000e+002 4.500000e+001 -2.000000e+002 4.500000e+001
3546917535.9225 -2.000000e+002 4.500000e+001 -3.264743e+001 -1.146981e+002 -2.000000e+002 4.500000e+001 -2.000000e+002 4.500000e+001
3572193187.57 -2.000000e+002 4.500000e+001 -3.184281e+001 1.337614e+002 -2.000000e+002 4.500000e+001 -2.000000e+002 4.500000e+001
3597468839.2175 -2.000000e+002 4.500000e+001 -3.249159e+001 1.607175e+001 -2.000000e+002 4.500000e+001 -2.000000e+002 4.500000e+001
3622744490.865 -2.000000e+002 4.500000e+001 -3.257237e+001 -8.420495e+001 -2.000000e+002 4.500000e+001 -2.000000e+002 4.500000e+001
3648020142.5125 -2.000000e+002 4.500000e+001 -3.191824e+001 1.650629e+002 -2.000000e+002 4.500000e+001 -2.000000e+002 4.500000e+001
3673295794.16 -2.000000e+002 4.500000e+001 -3.207922e+001 5.428959e+001 -2.000000e+002 4.500000e+001 -2.000000e+002 4.500000e+001
3698571445.8075 -2.000000e+002 4.500000e+001 -3.242738e+001 -5.531495e+001 -2.000000e+002 4.500000e+001 -2.000000e+002 4.500000e+001
3723847097.455 -2.000000e+002 4.500000e+001 -3.303185e+001 -1.617468e+002 -2.000000e+002 4.500000e+001 -2.000000e+002 4.500000e+001
3749122749.1025 -2.000000e+002 4.500000e+001 -3.364105e+001 9.473009e+001 -2.000000e+002 4.500000e+001 -2.000000e+002 4.500000e+001
3774398400.75 -2.000000e+002 4.500000e+001 -3.280084e+001 -2.180007e+000 -2.000000e+002 4.500000e+001 -2.000000e+002 4.500000e+001
3799674052.3975 -2.000000e+002 4.500000e+001 -3.170239e+001 -1.131679e+002 -2.000000e+002 4.500000e+001 -2.000000e+002 4.500000e+001
3824949704.045 -2.000000e+002 4.500000e+001 -3.044793e+001 1.419474e+002 -2.000000e+002 4.500000e+001 -2.000000e+002 4.500000e+001
3850225355.6925 -2.000000e+002 4.500000e+001 -3.085854e+001 3.070043e+001 -2.000000e+002 4.500000e+001 -2.000000e+002 4.500000e+001
3875501007.34 -2.000000e+002 4.500000e+001 -3.117690e+001 -8.891106e+001 -2.000000e+002 4.500000e+001 -2.000000e+002 4.500000e+001
3900776658.9875 -2.000000e+002 4.500000e+001 -3.213622e+001 1.514288e+002 -2.000000e+002 4.500000e+001 -2.000000e+002 4.500000e+001
3926052310.635 -2.000000e+002 4.500000e+001 -3.422697e+001 3.898271e+001 -2.000000e+002 4.500000e+001 -2.000000e+002 4.500000e+001
3951327962.2825 -2.000000e+002 4.500000e+001 -3.620311e+001 -6.259851e+001 -2.000000e+002 4.500000e+001 -2.000000e+002 4.500000e+001
3976603613.93 -2.000000e+002 4.500000e+001 -3.564149e+001 -1.667280e+002 -2.000000e+002 4.500000e+001 -2.000000e+002 4.500000e+001
4001879265.5775 -2.000000e+002 4.500000e+001 -3.552514e+001 7.142595e+001 -2.000000e+002 4.500000e+001 -2.000000e+002 4.500000e+001
4027154917.225 -2.000000e+002 4.500000e+001 -3.822250e+001 -4.553121e+001 -2.000000e+002 4.500000e+001 -2.000000e+002 4.500000e+001
4052430568.8725 -2.000000e+002 4.500000e+001 -4.078371e+001 -1.555614e+002 -2.000000e+002 4.500000e+001 -2.000000e+002 4.500000e+001
4077706220.52 -2.000000e+002 4.500000e+001 -4.150697e+001 1.144629e+002 -2.000000e+002 4.500000e+001 -2.000000e+002 4.500000e+001
4102981872.1675 -2.000000e+002 4.500000e+001 -4.062154e+001 7.737928e+000 -2.000000e+002 4.500000e+001 -2.000000e+002 4.500000e+001
4128257523.815 -2.000000e+002 4.500000e+001 -3.870821e+001 -1.039969e+002 -2.000000e+002 4.500000e+001 -2.000000e+002 4.500000e+001
4153533175.4625 -2.000000e+002 4.500000e+001 -3.869225e+001 1.298727e+002 -2.000000e+002 4.500000e+001 -2.000000e+002 4.500000e+001
4178808827.11 -2.000000e+002 4.500000e+001 -3.940535e+001 1.423860e+001 -2.000000e+002 4.500000e+001 -2.000000e+002 4.500000e+001
4204084478.7575 -2.000000e+002 4.500000e+001 -3.950424e+001 -9.448778e+001 -2.000000e+002 4.500000e+001 -2.000000e+002 4.500000e+001
4229360130.405 -2.000000e+002 4.500000e+001 -3.858307e+001 1.416444e+002 -2.000000e+002 4.500000e+001 -2.000000e+002 4.500000e+001
4254635782.0525 -2.000000e+002 4.500000e+001 -3.836767e+001 2.709383e+001 -2.000000e+002 4.500000e+001 -2.000000e+002 4.500000e+001
4279911433.7 -2.000000e+002 4.500000e+001 -3.711621e+001 -1.015506e+002 -2.000000e+002 4.500000e+001 -2.000000e+002 4.500000e+001
4305187085.3475 -2.000000e+002 4.500000e+001 -3.756123e+001 1.419977e+002 -2.000000e+002 4.500000e+001 -2.000000e+002 4.500000e+001
4330462736.995 -2.000000e+002 4.500000e+001 -3.665300e+001 2.420741e+001 -2.000000e+002 4.500000e+001 -2.000000e+002 4.500000e+001
4355738388.6425 -2.000000e+002 4.500000e+001 -3.589988e+001 -9.524578e+001 -2.000000e+002 4.500000e+001 -2.000000e+002 4.500000e+001
4381014040.29 -2.000000e+002 4.500000e+001 -3.509505e+001 1.527832e+002 -2.000000e+002 4.500000e+001 -2.000000e+002 4.500000e+001
4406289691.9375 -2.000000e+002 4.500000e+001 -3.346729e+001 3.615630e+001 -2.000000e+002 4.500000e+001 -2.000000e+002 4.500000e+001
4431565343.585 -2.000000e+002 4.500000e+001 -3.278798e+001 -8.434772e+001 -2.000000e+002 4.500000e+001 -2.000000e+002 4.500000e+001
4456840995.2325 -2.000000e+002 4.500000e+001 -3.207958e+001 1.641990e+002 -2.000000e+002 4.500000e+001 -2.000000e+002 4.500000e+001
4482116646.88 -2.000000e+002 4.500000e+001 -3.122944e+001 4.164024e+001 -2.000000e+002 4.500000e+001 -2.000000e+002 4.500000e+001
4507392298.5275 -2.000000e+002 4.500000e+001 -3.084859e+001 -6.921817e+001 -2.000000e+002 4.500000e+001 -2.000000e+002 4.500000e+001
4532667950.175 -2.000000e+002 4.500000e+001 -3.133862e+001 1.692221e+002 -2.000000e+002 4.500000e+001 -2.000000e+002 4.500000e+001
4557943601.8225 -2.000000e+002 4.500000e+001 -3.190860e+001 5.155072e+001 -2.000000e+002 4.500000e+001 -2.000000e+002 4.500000e+001
4583219253.47 -2.000000e+002 4.500000e+001 -3.427874e+001 -6.937633e+001 -2.000000e+002 4.500000e+001 -2.000000e+002 4.500000e+001
4608494905.1175 -2.000000e+002 4.500000e+001 -3.656164e+001 -1.772155e+002 -2.000000e+002 4.500000e+001 -2.000000e+002 4.500000e+001
4633770556.765 -2.000000e+002 4.500000e+001 -3.811956e+001 8.013374e+001 -2.000000e+002 4.500000e+001 -2.000000e+002 4.500000e+001
4659046208.4125 -2.000000e+002 4.500000e+001 -3.967085e+001 -2.951201e+001 -2.000000e+002 4.500000e+001 -2.000000e+002 4.500000e+001
4684321860.06 -2.000000e+002 4.500000e+001 -4.193867e+001 -1.232318e+002 -2.000000e+002 4.500000e+001 -2.000000e+002 4.500000e+001
4709597511.7075 -2.000000e+002 4.500000e+001 -4.145445e+001 1.491109e+002 -2.000000e+002 4.500000e+001 -2.000000e+002 4.500000e+001
4734873163.355 -2.000000e+002 4.500000e+001 -4.024009e+001 4.270852e+001 -2.000000e+002 4.500000e+001 -2.000000e+002 4.500000e+001
4760148815.0025 -2.000000e+002 4.500000e+001 -3.976946e+001 -7.405392e+001 -2.000000e+002 4.500000e+001 -2.000000e+002 4.500000e+001
4785424466.65 -2.000000e+002 4.500000e+001 -4.054033e+001 -1.665110e+002 -2.000000e+002 4.500000e+001 -2.000000e+002 4.500000e+001
4810700118.2975 -2.000000e+002 4.500000e+001 -3.903626e+001 8.783338e+001 -2.000000e+002 4.500000e+001 -2.000000e+002 4.500000e+001
4835975769.945 -2.000000e+002 4.500000e+001 -3.756260e+001 -1.979877e+001 -2.000000e+002 4.500000e+001 -2.000000e+002 4.500000e+001
4861251421.5925 -2.000000e+002 4.500000e+001 -3.714363e+001 -1.364570e+002 -2.000000e+002 4.500000e+001 -2.000000e+002 4.500000e+001
4886527073.24 -2.000000e+002 4.500000e+001 -3.716041e+001 9.361814e+001 -2.000000e+002 4.500000e+001 -2.000000e+002 4.500000e+001
4911802724.8875 -2.000000e+002 4.500000e+001 -3.908383e+001 -3.011953e+001 -2.000000e+002 4.500000e+001 -2.000000e+002 4.500000e+001
4937078376.535 -2.000000e+002 4.500000e+001 -4.071913e+001 -1.356921e+002 -2.000000e+002 4.500000e+001 -2.000000e+002 4.500000e+001
4962354028.1825 -2.000000e+002 4.500000e+001 -3.999678e+001 1.108335e+002 -2.000000e+002 4.500000e+001 -2.000000e+002 4.500000e+001
4987629679.83 -2.000000e+002 4.500000e+001 -4.128300e+001 -2.255655e+001 -2.000000e+002 4.500000e+001 -2.000000e+002 4.500000e+001
5012905331.4775 -2.000000e+002 4.500000e+001 -4.089173e+001 -1.408825e+002 -2.000000e+002 4.500000e+001 -2.000000e+002 4.500000e+001
5038180983.125 -2.000000e+002 4.500000e+001 -4.535584e+001 1.042200e+002 -2.000000e+002 4.500000e+001 -2.000000e+002 4.500000e+001
5063456634.7725 -2.000000e+002 4.500000e+001 -4.511461e+001 -1.048040e+001 -2.000000e+002 4.500000e+001 -2.000000e+002 4.500000e+001
5088732286.42 -2.000000e+002 4.500000e+001 -4.229586e+001 -1.138543e+002 -2.000000e+002 4.500000e+001 -2.000000e+002 4.500000e+001
5114007938.0675 -2.000000e+002 4.500000e+001 -3.988334e+001 1.147094e+002 -2.000000e+002 4.500000e+001 -2.000000e+002 4.500000e+001
5139283589.715 -2.000000e+002 4.500000e+001 -3.969238e+001 -8.524604e+000 -2.000000e+002 4.500000e+001 -2.000000e+002 4.500000e+001
5164559241.3625 -2.000000e+002 4.500000e+001 -3.899572e+001 -1.273154e+002 -2.000000e+002 4.500000e+001 -2.000000e+002 4.500000e+001
5189834893.01 -2.000000e+002 4.500000e+001 -3.773075e+001 1.116122e+002 -2.000000e+002 4.500000e+001 -2.000000e+002 4.500000e+001
5215110544.6575 -2.000000e+002 4.500000e+001 -3.709867e+001 -8.395615e+000 -2.000000e+002 4.500000e+001 -2.000000e+002 4.500000e+001
5240386196.305 -2.000000e+002 4.500000e+001 -3.619236e+001 -1.344777e+002 -2.000000e+002 4.500000e+001 -2.000000e+002 4.500000e+001
5265661847.9525 -2.000000e+002 4.500000e+001 -3.714320e+001 1.032334e+002 -2.000000e+002 4.500000e+001 -2.000000e+002 4.500000e+001
5290937499.6 -2.000000e+002 4.500000e+001 -3.811533e+001 -1.146882e+001 -2.000000e+002 4.500000e+001 -2.000000e+002 4.500000e+001
5316213151.2475 -2.000000e+002 4.500000e+001 -3.816648e+001 -1.282978e+002 -2.000000e+002 4.500000e+001 -2.000000e+002 4.500000e+001
5341488802.895 -2.000000e+002 4.500000e+001 -3.937849e+001 1.107581e+002 -2.000000e+002 4.500000e+001 -2.000000e+002 4.500000e+001
5366764454.5425 -2.000000e+002 4.500000e+001 -4.065567e+001 2.600087e+000 -2.000000e+002 4.500000e+001 -2.000000e+002 4.500000e+001
5392040106.19 -2.000000e+002 4.500000e+001 -4.121643e+001 -1.083832e+002 -2.000000e+002 4.500000e+001 -2.000000e+002 4.500000e+001
5417315757.8375 -2.000000e+002 4.500000e+001 -4.271385e+001 1.348739e+002 -2.000000e+002 4.500000e+001 -2.000000e+002 4.500000e+001
5442591409.485 -2.000000e+002 4.500000e+001 -4.591130e+001 3.616770e+001 -2.000000e+002 4.500000e+001 -2.000000e+002 4.500000e+001
5467867061.1325 -2.000000e+002 4.500000e+001 -4.504353e+001 -5.029327e+001 -2.000000e+002 4.500000e+001 -2.000000e+002 4.500000e+001
5493142712.78 -2.000000e+002 4.500000e+001 -4.367458e+001 -1.584838e+002 -2.000000e+002 4.500000e+001 -2.000000e+002 4.500000e+001
5518418364.4275 -2.000000e+002 4.500000e+001 -4.463576e+001 8.878884e+001 -2.000000e+002 4.500000e+001 -2.000000e+002 4.500000e+001
5543694016.075 -2.000000e+002 4.500000e+001 -4.437832e+001 -1.670577e+001 -2.000000e+002 4.500000e+001 -2.000000e+002 4.500000e+001
5568969667.7225 -2.000000e+002 4.500000e+001 -4.406480e+001 -1.376957e+002 -2.000000e+002 4.500000e+001 -2.000000e+002 4.500000e+001
5594245319.37 -2.000000e+002 4.500000e+001 -4.628330e+001 8.099960e+001 -2.000000e+002 4.500000e+001 -2.000000e+002 4.500000e+001
5619520971.0175 -2.000000e+002 4.500000e+001 -4.991857e+001 -7.869286e+001 -2.000000e+002 4.500000e+001 -2.000000e+002 4.500000e+001
5644796622.665 -2.000000e+002 4.500000e+001 -4.549004e+001 1.029897e+002 -2.000000e+002 4.500000e+001 -2.000000e+002 4.500000e+001
5670072274.3125 -2.000000e+002 4.500000e+001 -4.255244e+001 -4.104411e+001 -2.000000e+002 4.500000e+001 -2.000000e+002 4.500000e+001
5695347925.96 -2.000000e+002 4.500000e+001 -3.920452e+001 -1.708718e+002 -2.000000e+002 4.500000e+001 -2.000000e+002 4.500000e+001
5720623577.6075 -2.000000e+002 4.500000e+001 -3.918219e+001 5.886357e+001 -2.000000e+002 4.500000e+001 -2.000000e+002 4.500000e+001
5745899229.255 -2.000000e+002 4.500000e+001 -4.147915e+001 -6.457156e+001 -2.000000e+002 4.500000e+001 -2.000000e+002 4.500000e+001
5771174880.9025 -2.000000e+002 4.500000e+001 -4.357749e+001 -1.664169e+002 -2.000000e+002 4.500000e+001 -2.000000e+002 4.500000e+001
5796450532.55 -2.000000e+002 4.500000e+001 -4.564191e+001 8.971703e+001 -2.000000e+002 4.500000e+001 -2.000000e+002 4.500000e+001
5821726184.1975 -2.000000e+002 4.500000e+001 -4.798966e+001 2.622932e+000 -2.000000e+002 4.500000e+001 -2.000000e+002 4.500000e+001
5847001835.845 -2.000000e+002 4.500000e+001 -4.666835e+001 -7.874812e+001 -2.000000e+002 4.500000e+001 -2.000000e+002 4.500000e+001
5872277487.4925 -2.000000e+002 4.500000e+001 -4.332388e+001 -1.759059e+002 -2.000000e+002 4.500000e+001 -2.000000e+002 4.500000e+001
5897553139.14 -2.000000e+002 4.500000e+001 -4.199090e+001 6.691863e+001 -2.000000e+002 4.500000e+001 -2.000000e+002 4.500000e+001
5922828790.7875 -2.000000e+002 4.500000e+001 -4.391531e+001 -4.582104e+001 -2.000000e+002 4.500000e+001 -2.000000e+002 4.500000e+001
5948104442.435 -2.000000e+002 4.500000e+001 -4.387704e+001 -1.403185e+002 -2.000000e+002 4.500000e+001 -2.000000e+002 4.500000e+001
5973380094.0825 -2.000000e+002 4.500000e+001 -4.361171e+001 1.239230e+002 -2.000000e+002 4.500000e+001 -2.000000e+002 4.500000e+001
5998655745.73 -2.000000e+002 4.500000e+001 -4.286020e+001 1.020358e+001 -2.000000e+002 4.500000e+001 -2.000000e+002 4.500000e+001
6023931397.3775 -2.000000e+002 4.500000e+001 -4.598203e+001 -9.013915e+001 -2.000000e+002 4.500000e+001 -2.000000e+002 4.500000e+001
6049207049.025 -2.000000e+002 4.500000e+001 -4.791117e+001 1.692770e+002 -2.000000e+002 4.500000e+001 -2.000000e+002 4.500000e+001
6074482700.6725 -2.000000e+002 4.500000e+001 -4.555885e+001 9.472491e+001 -2.000000e+002 4.500000e+001 -2.000000e+002 4.500000e+001
6099758352.32 -2.000000e+002 4.500000e+001 -4.535360e+001 -1.147440e+001 -2.000000e+002 4.500000e+001 -2.000000e+002 4.500000e+001
6125034003.9675 -2.000000e+002 4.500000e+001 -4.448138e+001 -1.089523e+002 -2.000000e+002 4.500000e+001 -2.000000e+002 4.500000e+001
6150309655.615 -2.000000e+002 4.500000e+001 -4.290517e+001 1.531264e+002 -2.000000e+002 4.500000e+001 -2.000000e+002 4.500000e+001
6175585307.2625 -2.000000e+002 4.500000e+001 -4.044612e+001 3.951257e+001 -2.000000e+002 4.500000e+001 -2.000000e+002 4.500000e+001
6200860958.91 -2.000000e+002 4.500000e+001 -3.975822e+001 -7.103627e+001 -2.000000e+002 4.500000e+001 -2.000000e+002 4.500000e+001
6226136610.5575 -2.000000e+002 4.500000e+001 -3.906907e+001 1.689167e+002 -2.000000e+002 4.500000e+001 -2.000000e+002 4.500000e+001
6251412262.205 -2.000000e+002 4.500000e+001 -3.939183e+001 4.974544e+001 -2.000000e+002 4.500000e+001 -2.000000e+002 4.500000e+001
6276687913.8525 -2.000000e+002 4.500000e+001 -4.067436e+001 -6.696394e+001 -2.000000e+002 4.500000e+001 -2.000000e+002 4.500000e+001
6301963565.5 -2.000000e+002 4.500000e+001 -4.424768e+001 -1.784443e+002 -2.000000e+002 4.500000e+001 -2.000000e+002 4.500000e+001
6327239217.1475 -2.000000e+002 4.500000e+001 -4.585688e+001 9.446494e+001 -2.000000e+002 4.500000e+001 -2.000000e+002 4.500000e+001
6352514868.795 -2.000000e+002 4.500000e+001 -4.448930e+001 -9.611867e+000 -2.000000e+002 4.500000e+001 -2.000000e+002 4.500000e+001
6377790520.4425 -2.000000e+002 4.500000e+001 -4.499681e+001 -1.111586e+002 -2.000000e+002 4.500000e+001 -2.000000e+002 4.500000e+001
6403066172.09 -2.000000e+002 4.500000e+001 -4.419383e+001 1.359567e+002 -2.000000e+002 4.500000e+001 -2.000000e+002 4.500000e+001
6428341823.7375 -2.000000e+002 4.500000e+001 -4.806205e+001 5.300395e+001 -2.000000e+002 4.500000e+001 -2.000000e+002 4.500000e+001
6453617475.385 -2.000000e+002 4.500000e+001 -4.553207e+001 -3.725847e+001 -2.000000e+002 4.500000e+001 -2.000000e+002 4.500000e+001
6478893127.0325 -2.000000e+002 4.500000e+001 -4.227098e+001 -1.410293e+002 -2.000000e+002 4.500000e+001 -2.000000e+002 4.500000e+001
6504168778.68 -2.000000e+002 4.500000e+001 -4.085595e+001 1.055773e+002 -2.000000e+002 4.500000e+001 -2.000000e+002 4.500000e+001
6529444430.3275 -2.000000e+002 4.500000e+001 -3.946067e+001 -5.354031e-001 -2.000000e+002 4.500000e+001 -2.000000e+002 4.500000e+001
6554720081.975 -2.000000e+002 4.500000e+001 -3.812225e+001 -1.208143e+002 -2.000000e+002 4.500000e+001 -2.000000e+002 4.500000e+001
6579995733.6225 -2.000000e+002 4.500000e+001 -3.772015e+001 1.204843e+002 -2.000000e+002 4.500000e+001 -2.000000e+002 4.500000e+001
6605271385.27 -2.000000e+002 4.500000e+001 -3.767710e+001 2.152827e+000 -2.000000e+002 4.500000e+001 -2.000000e+002 4.500000e+001
6630547036.9175 -2.000000e+002 4.500000e+001 -3.824243e+001 -1.184889e+002 -2.000000e+002 4.500000e+001 -2.000000e+002 4.500000e+001
6655822688.565 -2.000000e+002 4.500000e+001 -3.992186e+001 1.221354e+002 -2.000000e+002 4.500000e+001 -2.000000e+002 4.500000e+001
6681098340.2125 -2.000000e+002 4.500000e+001 -4.159493e+001 1.035614e+000 -2.000000e+002 4.500000e+001 -2.000000e+002 4.500000e+001
6706373991.86 -2.000000e+002 4.500000e+001 -4.465799e+001 -1.211195e+002 -2.000000e+002 4.500000e+001 -2.000000e+002 4.500000e+001
6731649643.5075 -2.000000e+002 4.500000e+001 -4.685314e+001 1.049580e+002 -2.000000e+002 4.500000e+001 -2.000000e+002 4.500000e+001
6756925295.155 -2.000000e+002 4.500000e+001 -5.292128e+001 -7.108638e+001 -2.000000e+002 4.500000e+001 -2.000000e+002 4.500000e+001
6782200946.8025 -2.000000e+002 4.500000e+001 -5.257999e+001 1.318733e+002 -2.000000e+002 4.500000e+001 -2.000000e+002 4.500000e+001
6807476598.45 -2.000000e+002 4.500000e+001 -5.294300e+001 -8.789865e+000 -2.000000e+002 4.500000e+001 -2.000000e+002 4.500000e+001
6832752250.0975 -2.000000e+002 4.500000e+001 -5.097315e+001 -9.777397e+001 -2.000000e+002 4.500000e+001 -2.000000e+002 4.500000e+001
6858027901.745 -2.000000e+002 4.500000e+001 -4.708226e+001 1.507150e+002 -2.000000e+002 4.500000e+001 -2.000000e+002 4.500000e+001
6883303553.3925 -2.000000e+002 4.500000e+001 -4.438655e+001 4.523131e+001 -2.000000e+002 4.500000e+001 -2.000000e+002 4.500000e+001
6908579205.04 -2.000000e+002 4.500000e+001 -4.490372e+001 -7.659591e+001 -2.000000e+002 4.500000e+001 -2.000000e+002 4.500000e+001
6933854856.6875 -2.000000e+002 4.500000e+001 -4.411427e+001 1.773212e+002 -2.000000e+002 4.500000e+001 -2.000000e+002 4.500000e+001
6959130508.335 -2.000000e+002 4.500000e+001 -4.550602e+001 6.441014e+001 -2.000000e+002 4.500000e+001 -2.000000e+002 4.500000e+001
6984406159.9825 -2.000000e+002 4.500000e+001 -4.778006e+001 -2.491898e+001 -2.000000e+002 4.500000e+001 -2.000000e+002 4.500000e+001
7009681811.63 -2.000000e+002 4.500000e+001 -4.390464e+001 -1.165817e+002 -2.000000e+002 4.500000e+001 -2.000000e+002 4.500000e+001
7034957463.2775 -2.000000e+002 4.500000e+001 -4.166617e+001 1.147681e+002 -2.000000e+002 4.500000e+001 -2.000000e+002 4.500000e+001
7060233114.925 -2.000000e+002 4.500000e+001 -4.429920e+001 -1.463137e+001 -2.000000e+002 4.500000e+001 -2.000000e+002 4.500000e+001
7085508766.5725 -2.000000e+002 4.500000e+001 -4.857092e+001 -1.272067e+002 -2.000000e+002 4.500000e+001 -2.000000e+002 4.500000e+001
7110784418.22 -2.000000e+002 4.500000e+001 -5.556560e+001 1.619058e+002 -2.000000e+002 4.500000e+001 -2.000000e+002 4.500000e+001
7136060069.8675 -2.000000e+002 4.500000e+001 -5.226204e+001 1.087552e+002 -2.000000e+002 4.500000e+001 -2.000000e+002 4.500000e+001
7161335721.515 -2.000000e+002 4.500000e+001 -4.878494e+001 5.539941e+000 -2.000000e+002 4.500000e+001 -2.000000e+002 4.500000e+001
7186611373.1625 -2.000000e+002 4.500000e+001 -4.691437e+001 -1.081918e+002 -2.000000e+002 4.500000e+001 -2.000000e+002 4.500000e+001
7211887024.81 -2.000000e+002 4.500000e+001 -4.578684e+001 1.335302e+002 -2.000000e+002 4.500000e+001 -2.000000e+002 4.500000e+001
7237162676.4575 -2.000000e+002 4.500000e+001 -5.108868e+001 1.579932e+001 -2.000000e+002 4.500000e+001 -2.000000e+002 4.500000e+001
7262438328.105 -2.000000e+002 4.500000e+001 -5.395903e+001 -4.524640e+001 -2.000000e+002 4.500000e+001 -2.000000e+002 4.500000e+001
7287713979.7525 -2.000000e+002 4.500000e+001 -4.727365e+001 -1.212223e+002 -2.000000e+002 4.500000e+001 -2.000000e+002 4.500000e+001
7312989631.4 -2.000000e+002 4.500000e+001 -4.267898e+001 1.156704e+002 -2.000000e+002 4.500000e+001 -2.000000e+002 4.500000e+001
7338265283.0475 -2.000000e+002 4.500000e+001 -4.378994e+001 -3.999523e+000 -2.000000e+002 4.500000e+001 -2.000000e+002 4.500000e+001
7363540934.695 -2.000000e+002 4.500000e+001 -4.210282e+001 -1.078557e+002 -2.000000e+002 4.500000e+001 -2.000000e+002 4.500000e+001
7388816586.3425 -2.000000e+002 4.500000e+001 -4.242099e+001 1.365731e+002 -2.000000e+002 4.500000e+001 -2.000000e+002 4.500000e+001
7414092237.99 -2.000000e+002 4.500000e+001 -4.290144e+001 3.186480e+001 -2.000000e+002 4.500000e+001 -2.000000e+002 4.500000e+001
7439367889.6375 -2.000000e+002 4.500000e+001 -4.246860e+001 -6.689510e+001 -2.000000e+002 4.500000e+001 -2.000000e+002 4.500000e+001
7464643541.285 -2.000000e+002 4.500000e+001 -4.168279e+001 -1.741152e+002 -2.000000e+002 4.500000e+001 -2.000000e+002 4.500000e+001
7489919192.9325 -2.000000e+002 4.500000e+001 -4.048439e+001 7.993952e+001 -2.000000e+002 4.500000e+001 -2.000000e+002 4.500000e+001
7515194844.58 -2.000000e+002 4.500000e+001 -4.056352e+001 -3.181317e+001 -2.000000e+002 4.500000e+001 -2.000000e+002 4.500000e+001
7540470496.2275 -2.000000e+002 4.500000e+001 -4.032227e+001 -1.316781e+002 -2.000000e+002 4.500000e+001 -2.000000e+002 4.500000e+001
7565746147.875 -2.000000e+002 4.500000e+001 -3.919734e+001 1.209877e+002 -2.000000e+002 4.500000e+001 -2.000000e+002 4.500000e+001
7591021799.5225 -2.000000e+002 4.500000e+001 -3.822647e+001 1.253180e+001 -2.000000e+002 4.500000e+001 -2.000000e+002 4.500000e+001
7616297451.17 -2.000000e+002 4.500000e+001 -3.714349e+001 -9.482619e+001 -2.000000e+002 4.500000e+001 -2.000000e+002 4.500000e+001
7641573102.8175 -2.000000e+002 4.500000e+001 -3.676596e+001 1.563372e+002 -2.000000e+002 4.500000e+001 -2.000000e+002 4.500000e+001
7666848754.465 -2.000000e+002 4.500000e+001 -3.609973e+001 4.096109e+001 -2.000000e+002 4.500000e+001 -2.000000e+002 4.500000e+001
7692124406.1125 -2.000000e+002 4.500000e+001 -3.739349e+001 -7.141532e+001 -2.000000e+002 4.500000e+001 -2.000000e+002 4.500000e+001
7717400057.76 -2.000000e+002 4.500000e+001 -3.735432e+001 1.783855e+002 -2.000000e+002 4.500000e+001 -2.000000e+002 4.500000e+001
7742675709.4075 -2.000000e+002 4.500000e+001 -3.795201e+001 6.551168e+001 -2.000000e+002 4.500000e+001 -2.000000e+002 4.500000e+001
7767951361.055 -2.000000e+002 4.500000e+001 -3.917221e+001 -3.987272e+001 -2.000000e+002 4.500000e+001 -2.000000e+002 4.500000e+001
7793227012.7025 -2.000000e+002 4.500000e+001 -4.009025e+001 -1.455447e+002 -2.000000e+002 4.500000e+001 -2.000000e+002 4.500000e+001
7818502664.35 -2.000000e+002 4.500000e+001 -4.087644e+001 1.131076e+002 -2.000000e+002 4.500000e+001 -2.000000e+002 4.500000e+001
7843778315.9975 -2.000000e+002 4.500000e+001 -4.048889e+001 9.731947e+000 -2.000000e+002 4.500000e+001 -2.000000e+002 4.500000e+001
7869053967.645 -2.000000e+002 4.500000e+001 -4.094692e+001 -9.318579e+001 -2.000000e+002 4.500000e+001 -2.000000e+002 4.500000e+001
7894329619.2925 -2.000000e+002 4.500000e+001 -4.102047e+001 1.592925e+002 -2.000000e+002 4.500000e+001 -2.000000e+002 4.500000e+001
7919605270.94 -2.000000e+002 4.500000e+001 -4.010193e+001 5.158209e+001 -2.000000e+002 4.500000e+001 -2.000000e+002 4.500000e+001
7944880922.5875 -2.000000e+002 4.500000e+001 -4.013647e+001 -6.279765e+001 -2.000000e+002 4.500000e+001 -2.000000e+002 4.500000e+001
7970156574.235 -2.000000e+002 4.500000e+001 -4.081711e+001 1.762550e+002 -2.000000e+002 4.500000e+001 -2.000000e+002 4.500000e+001
7995432225.8825 -2.000000e+002 4.500000e+001 -4.332149e+001 6.904609e+001 -2.000000e+002 4.500000e+001 -2.000000e+002 4.500000e+001
8020707877.53 -2.000000e+002 4.500000e+001 -4.439351e+001 -3.326597e+001 -2.000000e+002 4.500000e+001 -2.000000e+002 4.500000e+001
8045983529.1775 -2.000000e+002 4.500000e+001 -4.503154e+001 -1.391766e+002 -2.000000e+002 4.500000e+001 -2.000000e+002 4.500000e+001
8071259180.825 -2.000000e+002 4.500000e+001 -4.548243e+001 1.116201e+002 -2.000000e+002 4.500000e+001 -2.000000e+002 4.500000e+001
8096534832.4725 -2.000000e+002 4.500000e+001 -4.820038e+001 1.785222e+001 -2.000000e+002 4.500000e+001 -2.000000e+002 4.500000e+001
8121810484.12 -2.000000e+002 4.500000e+001 -4.815112e+001 -7.825303e+001 -2.000000e+002 4.500000e+001 -2.000000e+002 4.500000e+001
8147086135.7675 -2.000000e+002 4.500000e+001 -4.472732e+001 -1.789216e+002 -2.000000e+002 4.500000e+001 -2.000000e+002 4.500000e+001
8172361787.415 -2.000000e+002 4.500000e+001 -4.460830e+001 6.403989e+001 -2.000000e+002 4.500000e+001 -2.000000e+002 4.500000e+001
8197637439.0625 -2.000000e+002 4.500000e+001 -4.461211e+001 -4.315528e+001 -2.000000e+002 4.500000e+001 -2.000000e+002 4.500000e+001
8222913090.71 -2.000000e+002 4.500000e+001 -4.504219e+001 -1.430784e+002 -2.000000e+002 4.500000e+001 -2.000000e+002 4.500000e+001
8248188742.3575 -2.000000e+002 4.500000e+001 -4.366766e+001 1.082278e+002 -2.000000e+002 4.500000e+001 -2.000000e+002 4.500000e+001
8273464394.005 -2.000000e+002 4.500000e+001 -4.247633e+001 -1.075199e+001 -2.000000e+002 4.500000e+001 -2.000000e+002 4.500000e+001
8298740045.6525 -2.000000e+002 4.500000e+001 -4.431517e+001 -1.280453e+002 -2.000000e+002 4.500000e+001 -2.000000e+002 4.500000e+001
8324015697.3 -2.000000e+002 4.500000e+001 -4.664782e+001 1.152330e+002 -2.000000e+002 4.500000e+001 -2.000000e+002 4.500000e+001
8349291348.9475 -2.000000e+002 4.500000e+001 -4.806165e+001 3.297383e+001 -2.000000e+002 4.500000e+001 -2.000000e+002 4.500000e+001
8374567000.595 -2.000000e+002 4.500000e+001 -4.730061e+001 -7.403532e+001 -2.000000e+002 4.500000e+001 -2.000000e+002 4.500000e+001
8399842652.2425 -2.000000e+002 4.500000e+001 -4.558112e+001 1.768523e+002 -2.000000e+002 4.500000e+001 -2.000000e+002 4.500000e+001
8425118303.89 -2.000000e+002 4.500000e+001 -4.621334e+001 4.728900e+001 -2.000000e+002 4.500000e+001 -2.000000e+002 4.500000e+001
8450393955.5375 -2.000000e+002 4.500000e+001 -4.905544e+001 -5.345741e+001 -2.000000e+002 4.500000e+001 -2.000000e+002 4.500000e+001
8475669607.185 -2.000000e+002 4.500000e+001 -4.987300e+001 -1.588954e+002 -2.000000e+002 4.500000e+001 -2.000000e+002 4.500000e+001
8500945258.8325 -2.000000e+002 4.500000e+001 -5.013734e+001 9.917932e+001 -2.000000e+002 4.500000e+001 -2.000000e+002 4.500000e+001
8526220910.48 -2.000000e+002 4.500000e+001 -5.000355e+001 -1.018425e+001 -2.000000e+002 4.500000e+001 -2.000000e+002 4.500000e+001
8551496562.1275 -2.000000e+002 4.500000e+001 -4.907217e+001 -1.312448e+002 -2.000000e+002 4.500000e+001 -2.000000e+002 4.500000e+001
8576772213.775 -2.000000e+002 4.500000e+001 -5.048422e+001 1.101670e+002 -2.000000e+002 4.500000e+001 -2.000000e+002 4.500000e+001
8602047865.4225 -2.000000e+002 4.500000e+001 -5.407409e+001 -1.204889e+001 -2.000000e+002 4.500000e+001 -2.000000e+002 4.500000e+001
8627323517.07 -2.000000e+002 4.500000e+001 -5.709199e+001 -1.183174e+002 -2.000000e+002 4.500000e+001 -2.000000e+002 4.500000e+001
8652599168.7175 -2.000000e+002 4.500000e+001 -5.849340e+001 1.100789e+002 -2.000000e+002 4.500000e+001 -2.000000e+002 4.500000e+001
8677874820.365 -2.000000e+002 4.500000e+001 -6.194150e+001 -4.308441e+001 -2.000000e+002 4.500000e+001 -2.000000e+002 4.500000e+001
8703150472.0125 -2.000000e+002 4.500000e+001 -6.210728e+001 1.413815e+002 -2.000000e+002 4.500000e+001 -2.000000e+002 4.500000e+001
8728426123.66 -2.000000e+002 4.500000e+001 -5.606745e+001 -4.376006e+000 -2.000000e+002 4.500000e+001 -2.000000e+002 4.500000e+001
8753701775.3075 -2.000000e+002 4.500000e+001 -5.424412e+001 -1.277103e+002 -2.000000e+002 4.500000e+001 -2.000000e+002 4.500000e+001
8778977426.955 -2.000000e+002 4.500000e+001 -5.323501e+001 1.070232e+002 -2.000000e+002 4.500000e+001 -2.000000e+002 4.500000e+001
8804253078.6025 -2.000000e+002 4.500000e+001 -5.016699e+001 1.423475e+001 -2.000000e+002 4.500000e+001 -2.000000e+002 4.500000e+001
8829528730.25 -2.000000e+002 4.500000e+001 -4.952767e+001 -1.018463e+002 -2.000000e+002 4.500000e+001 -2.000000e+002 4.500000e+001
8854804381.8975 -2.000000e+002 4.500000e+001 -4.683241e+001 1.608607e+002 -2.000000e+002 4.500000e+001 -2.000000e+002 4.500000e+001
8880080033.545 -2.000000e+002 4.500000e+001 -4.357796e+001 4.929425e+001 -2.000000e+002 4.500000e+001 -2.000000e+002 4.500000e+001
8905355685.1925 -2.000000e+002 4.500000e+001 -4.150736e+001 -7.319146e+001 -2.000000e+002 4.500000e+001 -2.000000e+002 4.500000e+001
8930631336.84 -2.000000e+002 4.500000e+001 -4.071501e+001 1.709138e+002 -2.000000e+002 4.500000e+001 -2.000000e+002 4.500000e+001
8955906988.4875 -2.000000e+002 4.500000e+001 -4.002031e+001 5.786713e+001 -2.000000e+002 4.500000e+001 -2.000000e+002 4.500000e+001
8981182640.135 -2.000000e+002 4.500000e+001 -3.934318e+001 -5.452935e+001 -2.000000e+002 4.500000e+001 -2.000000e+002 4.500000e+001
9006458291.7825 -2.000000e+002 4.500000e+001 -3.827017e+001 -1.666059e+002 -2.000000e+002 4.500000e+001 -2.000000e+002 4.500000e+001
9031733943.43 -2.000000e+002 4.500000e+001 -3.734337e+001 7.488976e+001 -2.000000e+002 4.500000e+001 -2.000000e+002 4.500000e+001
9057009595.0775 -2.000000e+002 4.500000e+001 -3.735905e+001 -4.328701e+001 -2.000000e+002 4.500000e+001 -2.000000e+002 4.500000e+001
9082285246.725 -2.000000e+002 4.500000e+001 -3.826619e+001 -1.565367e+002 -2.000000e+002 4.500000e+001 -2.000000e+002 4.500000e+001
9107560898.3725 -2.000000e+002 4.500000e+001 -3.890403e+001 9.790621e+001 -2.000000e+002 4.500000e+001 -2.000000e+002 4.500000e+001
9132836550.02 -2.000000e+002 4.500000e+001 -3.889869e+001 -1.358690e+001 -2.000000e+002 4.500000e+001 -2.000000e+002 4.500000e+001
9158112201.6675 -2.000000e+002 4.500000e+001 -3.970004e+001 -1.269700e+002 -2.000000e+002 4.500000e+001 -2.000000e+002 4.500000e+001
9183387853.315 -2.000000e+002 4.500000e+001 -4.108315e+001 1.329376e+002 -2.000000e+002 4.500000e+001 -2.000000e+002 4.500000e+001
9208663504.9625 -2.000000e+002 4.500000e+001 -4.151262e+001 3.562275e+001 -2.000000e+002 4.500000e+001 -2.000000e+002 4.500000e+001
9233939156.61 -2.000000e+002 4.500000e+001 -4.039918e+001 -6.766058e+001 -2.000000e+002 4.500000e+001 -2.000000e+002 4.500000e+001
9259214808.2575 -2.000000e+002 4.500000e+001 -3.939996e+001 -1.743796e+002 -2.000000e+002 4.500000e+001 -2.000000e+002 4.500000e+001
9284490459.905 -2.000000e+002 4.500000e+001 -3.949549e+001 7.493128e+001 -2.000000e+002 4.500000e+001 -2.000000e+002 4.500000e+001
9309766111.5525 -2.000000e+002 4.500000e+001 -3.857910e+001 -3.353801e+001 -2.000000e+002 4.500000e+001 -2.000000e+002 4.500000e+001
9335041763.2 -2.000000e+002 4.500000e+001 -3.855709e+001 -1.450461e+002 -2.000000e+002 4.500000e+001 -2.000000e+002 4.500000e+001
9360317414.8475 -2.000000e+002 4.500000e+001 -3.756878e+001 1.023670e+002 -2.000000e+002 4.500000e+001 -2.000000e+002 4.500000e+001
9385593066.495 -2.000000e+002 4.500000e+001 -3.793466e+001 -1.817635e+001 -2.000000e+002 4.500000e+001 -2.000000e+002 4.500000e+001
9410868718.1425 -2.000000e+002 4.500000e+001 -3.909381e+001 -1.344592e+002 -2.000000e+002 4.500000e+001 -2.000000e+002 4.500000e+001
9436144369.79 -2.000000e+002 4.500000e+001 -4.029904e+001 1.193980e+002 -2.000000e+002 4.500000e+001 -2.000000e+002 4.500000e+001
9461420021.4375 -2.000000e+002 4.500000e+001 -4.015903e+001 7.451653e+000 -2.000000e+002 4.500000e+001 -2.000000e+002 4.500000e+001
9486695673.085 -2.000000e+002 4.500000e+001 -4.142500e+001 -1.050247e+002 -2.000000e+002 4.500000e+001 -2.000000e+002 4.500000e+001
9511971324.7325 -2.000000e+002 4.500000e+001 -4.223613e+001 1.503884e+002 -2.000000e+002 4.500000e+001 -2.000000e+002 4.500000e+001
9537246976.38 -2.000000e+002 4.500000e+001 -4.293462e+001 3.840332e+001 -2.000000e+002 4.500000e+001 -2.000000e+002 4.500000e+001
9562522628.0275 -2.000000e+002 4.500000e+001 -4.369704e+001 -6.553753e+001 -2.000000e+002 4.500000e+001 -2.000000e+002 4.500000e+001
9587798279.675 -2.000000e+002 4.500000e+001 -4.349401e+001 -1.772800e+002 -2.000000e+002 4.500000e+001 -2.000000e+002 4.500000e+001
9613073931.3225 -2.000000e+002 4.500000e+001 -4.405977e+001 7.270274e+001 -2.000000e+002 4.500000e+001 -2.000000e+002 4.500000e+001
9638349582.97 -2.000000e+002 4.500000e+001 -4.477441e+001 -3.729774e+001 -2.000000e+002 4.500000e+001 -2.000000e+002 4.500000e+001
9663625234.6175 -2.000000e+002 4.500000e+001 -4.532954e+001 -1.480167e+002 -2.000000e+002 4.500000e+001 -2.000000e+002 4.500000e+001
9688900886.265 -2.000000e+002 4.500000e+001 -4.479198e+001 1.010537e+002 -2.000000e+002 4.500000e+001 -2.000000e+002 4.500000e+001
9714176537.9125 -2.000000e+002 4.500000e+001 -4.453897e+001 -2.353897e+001 -2.000000e+002 4.500000e+001 -2.000000e+002 4.500000e+001
9739452189.56 -2.000000e+002 4.500000e+001 -4.593689e+001 -1.548494e+002 -2.000000e+002 4.500000e+001 -2.000000e+002 4.500000e+001
9764727841.2075 -2.000000e+002 4.500000e+001 -4.920911e+001 8.810154e+001 -2.000000e+002 4.500000e+001 -2.000000e+002 4.500000e+001
9790003492.855 -2.000000e+002 4.500000e+001 -5.129959e+001 -3.077656e+001 -2.000000e+002 4.500000e+001 -2.000000e+002 4.500000e+001
9815279144.5025 -2.000000e+002 4.500000e+001 -5.095649e+001 -1.380873e+002 -2.000000e+002 4.500000e+001 -2.000000e+002 4.500000e+001
9840554796.15 -2.000000e+002 4.500000e+001 -4.964641e+001 9.608360e+001 -2.000000e+002 4.500000e+001 -2.000000e+002 4.500000e+001
9865830447.7975 -2.000000e+002 4.500000e+001 -4.931362e+001 -2.733122e+001 -2.000000e+002 4.500000e+001 -2.000000e+002 4.500000e+001
9891106099.445 -2.000000e+002 4.500000e+001 -4.832370e+001 -1.423933e+002 -2.000000e+002 4.500000e+001 -2.000000e+002 4.500000e+001
9916381751.0925 -2.000000e+002 4.500000e+001 -4.870077e+001 9.640863e+001 -2.000000e+002 4.500000e+001 -2.000000e+002 4.500000e+001
9941657402.74 -2.000000e+002 4.500000e+001 -4.707663e+001 -4.978757e+000 -2.000000e+002 4.500000e+001 -2.000000e+002 4.500000e+001
9966933054.3875 -2.000000e+002 4.500000e+001 -4.561384e+001 -1.299813e+002 -2.000000e+002 4.500000e+001 -2.000000e+002 4.500000e+001
9992208706.035 -2.000000e+002 4.500000e+001 -4.510387e+001 1.240769e+002 -2.000000e+002 4.500000e+001 -2.000000e+002 4.500000e+001
10017484357.683 -2.000000e+002 4.500000e+001 -4.471580e+001 9.152448e+000 -2.000000e+002 4.500000e+001 -2.000000e+002 4.500000e+001
10042760009.33 -2.000000e+002 4.500000e+001 -4.410954e+001 -9.721516e+001 -2.000000e+002 4.500000e+001 -2.000000e+002 4.500000e+001
10068035660.978 -2.000000e+002 4.500000e+001 -4.322338e+001 1.401312e+002 -2.000000e+002 4.500000e+001 -2.000000e+002 4.500000e+001
10093311312.625 -2.000000e+002 4.500000e+001 -4.463610e+001 1.966060e+001 -2.000000e+002 4.500000e+001 -2.000000e+002 4.500000e+001
10118586964.273 -2.000000e+002 4.500000e+001 -4.508286e+001 -9.700835e+001 -2.000000e+002 4.500000e+001 -2.000000e+002 4.500000e+001
10143862615.92 -2.000000e+002 4.500000e+001 -4.682926e+001 1.576175e+002 -2.000000e+002 4.500000e+001 -2.000000e+002 4.500000e+001
10169138267.568 -2.000000e+002 4.500000e+001 -4.621161e+001 4.071757e+001 -2.000000e+002 4.500000e+001 -2.000000e+002 4.500000e+001
10194413919.215 -2.000000e+002 4.500000e+001 -4.713816e+001 -7.065025e+001 -2.000000e+002 4.500000e+001 -2.000000e+002 4.500000e+001
10219689570.863 -2.000000e+002 4.500000e+001 -4.693630e+001 1.676004e+002 -2.000000e+002 4.500000e+001 -2.000000e+002 4.500000e+001
10244965222.51 -2.000000e+002 4.500000e+001 -5.059145e+001 4.381181e+001 -2.000000e+002 4.500000e+001 -2.000000e+002 4.500000e+001
10270240874.158 -2.000000e+002 4.500000e+001 -5.169614e+001 -5.856466e+001 -2.000000e+002 4.500000e+001 -2.000000e+002 4.500000e+001
10295516525.805 -2.000000e+002 4.500000e+001 -5.338086e+001 -1.799055e+002 -2.000000e+002 4.500000e+001 -2.000000e+002 4.500000e+001
10320792177.452 -2.000000e+002 4.500000e+001 -5.664712e+001 5.257387e+001 -2.000000e+002 4.500000e+001 -2.000000e+002 4.500000e+001
10346067829.1 -2.000000e+002 4.500000e+001 -6.135444e+001 -1.057992e+002 -2.000000e+002 4.500000e+001 -2.000000e+002 4.500000e+001
10371343480.747 -2.000000e+002 4.500000e+001 -7.476756e+001 1.117635e+002 -2.000000e+002 4.500000e+001 -2.000000e+002 4.500000e+001
10396619132.395 -2.000000e+002 4.500000e+001 -6.458887e+001 -8.507454e+001 -2.000000e+002 4.500000e+001 -2.000000e+002 4.500000e+001
10421894784.043 -2.000000e+002 4.500000e+001 -6.290296e+001 1.216618e+002 -2.000000e+002 4.500000e+001 -2.000000e+002 4.500000e+001
10447170435.69 -2.000000e+002 4.500000e+001 -6.425453e+001 -6.213956e+001 -2.000000e+002 4.500000e+001 -2.000000e+002 4.500000e+001
10472446087.338 -2.000000e+002 4.500000e+001 -6.535725e+001 -1.314935e+002 -2.000000e+002 4.500000e+001 -2.000000e+002 4.500000e+001
10497721738.985 -2.000000e+002 4.500000e+001 -5.703724e+001 1.279907e+001 -2.000000e+002 4.500000e+001 -2.000000e+002 4.500000e+001
10522997390.633 -2.000000e+002 4.500000e+001 -6.044428e+001 -1.272483e+002 -2.000000e+002 4.500000e+001 -2.000000e+002 4.500000e+001
10548273042.28 -2.000000e+002 4.500000e+001 -5.494380e+001 1.101415e+002 -2.000000e+002 4.500000e+001 -2.000000e+002 4.500000e+001
10573548693.928 -2.000000e+002 4.500000e+001 -5.495076e+001 -1.655622e+001 -2.000000e+002 4.500000e+001 -2.000000e+002 4.500000e+001
10598824345.575 -2.000000e+002 4.500000e+001 -5.159067e+001 -1.145336e+002 -2.000000e+002 4.500000e+001 -2.000000e+002 4.500000e+001
10624099997.223 -2.000000e+002 4.500000e+001 -4.746457e+001 1.213325e+002 -2.000000e+002 4.500000e+001 -2.000000e+002 4.500000e+001
10649375648.87 -2.000000e+002 4.500000e+001 -4.619492e+001 7.029728e+000 -2.000000e+002 4.500000e+001 -2.000000e+002 4.500000e+001
10674651300.518 -2.000000e+002 4.500000e+001 -4.393954e+001 -1.125437e+002 -2.000000e+002 4.500000e+001 -2.000000e+002 4.500000e+001
10699926952.165 -2.000000e+002 4.500000e+001 -4.341585e+001 1.296023e+002 -2.000000e+002 4.500000e+001 -2.000000e+002 4.500000e+001
10725202603.813 -2.000000e+002 4.500000e+001 -4.304900e+001 1.235189e+001 -2.000000e+002 4.500000e+001 -2.000000e+002 4.500000e+001
10750478255.46 -2.000000e+002 4.500000e+001 -4.378732e+001 -9.311522e+001 -2.000000e+002 4.500000e+001 -2.000000e+002 4.500000e+001
10775753907.108 -2.000000e+002 4.500000e+001 -4.252087e+001 1.598161e+002 -2.000000e+002 4.500000e+001 -2.000000e+002 4.500000e+001
10801029558.755 -2.000000e+002 4.500000e+001 -4.236068e+001 4.409188e+001 -2.000000e+002 4.500000e+001 -2.000000e+002 4.500000e+001
10826305210.403 -2.000000e+002 4.500000e+001 -4.302587e+001 -6.656833e+001 -2.000000e+002 4.500000e+001 -2.000000e+002 4.500000e+001
10851580862.05 -2.000000e+002 4.500000e+001 -4.320221e+001 -1.768854e+002 -2.000000e+002 4.500000e+001 -2.000000e+002 4.500000e+001
10876856513.698 -2.000000e+002 4.500000e+001 -4.292747e+001 7.137035e+001 -2.000000e+002 4.500000e+001 -2.000000e+002 4.500000e+001
10902132165.345 -2.000000e+002 4.500000e+001 -4.344482e+001 -4.663515e+001 -2.000000e+002 4.500000e+001 -2.000000e+002 4.500000e+001
10927407816.993 -2.000000e+002 4.500000e+001 -4.560585e+001 -1.601909e+002 -2.000000e+002 4.500000e+001 -2.000000e+002 4.500000e+001
10952683468.64 -2.000000e+002 4.500000e+001 -4.711389e+001 8.961867e+001 -2.000000e+002 4.500000e+001 -2.000000e+002 4.500000e+001
10977959120.288 -2.000000e+002 4.500000e+001 -4.825103e+001 -9.837415e+000 -2.000000e+002 4.500000e+001 -2.000000e+002 4.500000e+001
11003234771.935 -2.000000e+002 4.500000e+001 -4.974372e+001 -1.238050e+002 -2.000000e+002 4.500000e+001 -2.000000e+002 4.500000e+001
11028510423.583 -2.000000e+002 4.500000e+001 -5.255049e+001 1.312554e+002 -2.000000e+002 4.500000e+001 -2.000000e+002 4.500000e+001
11053786075.23 -2.000000e+002 4.500000e+001 -5.568447e+001 4.112831e+001 -2.000000e+002 4.500000e+001 -2.000000e+002 4.500000e+001
11079061726.878 -2.000000e+002 4.500000e+001 -5.750090e+001 -2.022493e+001 -2.000000e+002 4.500000e+001 -2.000000e+002 4.500000e+001
11104337378.525 -2.000000e+002 4.500000e+001 -5.246023e+001 -1.093204e+002 -2.000000e+002 4.500000e+001 -2.000000e+002 4.500000e+001
11129613030.173 -2.000000e+002 4.500000e+001 -5.038349e+001 1.447413e+002 -2.000000e+002 4.500000e+001 -2.000000e+002 4.500000e+001
11154888681.82 -2.000000e+002 4.500000e+001 -4.867927e+001 3.933558e+001 -2.000000e+002 4.500000e+001 -2.000000e+002 4.500000e+001
11180164333.468 -2.000000e+002 4.500000e+001 -4.708260e+001 -7.022948e+001 -2.000000e+002 4.500000e+001 -2.000000e+002 4.500000e+001
11205439985.115 -2.000000e+002 4.500000e+001 -4.607381e+001 -1.782552e+002 -2.000000e+002 4.500000e+001 -2.000000e+002 4.500000e+001
11230715636.763 -2.000000e+002 4.500000e+001 -4.638491e+001 6.949957e+001 -2.000000e+002 4.500000e+001 -2.000000e+002 4.500000e+001
11255991288.41 -2.000000e+002 4.500000e+001 -4.588459e+001 -3.519978e+001 -2.000000e+002 4.500000e+001 -2.000000e+002 4.500000e+001
11281266940.058 -2.000000e+002 4.500000e+001 -4.544981e+001 -1.424906e+002 -2.000000e+002 4.500000e+001 -2.000000e+002 4.500000e+001
11306542591.705 -2.000000e+002 4.500000e+001 -4.567134e+001 1.059692e+002 -2.000000e+002 4.500000e+001 -2.000000e+002 4.500000e+001
11331818243.353 -2.000000e+002 4.500000e+001 -4.568508e+001 6.583950e+000 -2.000000e+002 4.500000e+001 -2.000000e+002 4.500000e+001
11357093895 -2.000000e+002 4.500000e+001 -4.425552e+001 -9.600531e+001 -2.000000e+002 4.500000e+001 -2.000000e+002 4.500000e+001
