
1246833236 -2.000000e+002 4.500000e+001 -3.104377e+001 -2.154910e+001 -2.000000e+002 4.500000e+001 -2.000000e+002 4.500000e+001
1272108887.6475 -2.000000e+002 4.500000e+001 -2.956614e+001 -1.413573e+002 -2.000000e+002 4.500000e+001 -2.000000e+002 4.500000e+001
1297384539.295 -2.000000e+002 4.500000e+001 -2.839511e+001 1.056964e+002 -2.000000e+002 4.500000e+001 -2.000000e+002 4.500000e+001
1322660190.9425 -2.000000e+002 4.500000e+001 -3.055212e+001 -3.046722e+001 -2.000000e+002 4.500000e+001 -2.000000e+002 4.500000e+001
1347935842.59 -2.000000e+002 4.500000e+001 -3.686709e+001 -9.884672e+001 -2.000000e+002 4.500000e+001 -2.000000e+002 4.500000e+001
1373211494.2375 -2.000000e+002 4.500000e+001 -3.142408e+001 -1.731160e+002 -2.000000e+002 4.500000e+001 -2.000000e+002 4.500000e+001
1398487145.885 -2.000000e+002 4.500000e+001 -2.815725e+001 5.585728e+001 -2.000000e+002 4.500000e+001 -2.000000e+002 4.500000e+001
1423762797.5325 -2.000000e+002 4.500000e+001 -2.613333e+001 -5.156770e+001 -2.000000e+002 4.500000e+001 -2.000000e+002 4.500000e+001
1449038449.18 -2.000000e+002 4.500000e+001 -2.780470e+001 -1.742851e+002 -2.000000e+002 4.500000e+001 -2.000000e+002 4.500000e+001
1474314100.8275 -2.000000e+002 4.500000e+001 -2.662903e+001 7.160178e+001 -2.000000e+002 4.500000e+001 -2.000000e+002 4.500000e+001
1499589752.475 -2.000000e+002 4.500000e+001 -2.985600e+001 -4.386813e+001 -2.000000e+002 4.500000e+001 -2.000000e+002 4.500000e+001
1524865404.1225 -2.000000e+002 4.500000e+001 -3.496155e+001 -1.490745e+002 -2.000000e+002 4.500000e+001 -2.000000e+002 4.500000e+001
1550141055.77 -2.000000e+002 4.500000e+001 -3.513594e+001 1.431049e+002 -2.000000e+002 4.500000e+001 -2.000000e+002 4.500000e+001
1575416707.4175 -2.000000e+002 4.500000e+001 -3.253183e+001 4.124404e+001 -2.000000e+002 4.500000e+001 -2.000000e+002 4.500000e+001
1600692359.065 -2.000000e+002 4.500000e+001 -3.214970e+001 -5.759123e+001 -2.000000e+002 4.500000e+001 -2.000000e+002 4.500000e+001
1625968010.7125 -2.000000e+002 4.500000e+001 -2.774630e+001 -1.615713e+002 -2.000000e+002 4.500000e+001 -2.000000e+002 4.500000e+001
1651243662.36 -2.000000e+002 4.500000e+001 -2.685453e+001 7.222410e+001 -2.000000e+002 4.500000e+001 -2.000000e+002 4.500000e+001
1676519314.0075 -2.000000e+002 4.500000e+001 -2.768649e+001 -4.973238e+001 -2.000000e+002 4.500000e+001 -2.000000e+002 4.500000e+001
1701794965.655 -2.000000e+002 4.500000e+001 -2.852260e+001 -1.523529e+002 -2.000000e+002 4.500000e+001 -2.000000e+002 4.500000e+001
1727070617.3025 -2.000000e+002 4.500000e+001 -2.846269e+001 8.969791e+001 -2.000000e+002 4.500000e+001 -2.000000e+002 4.500000e+001
1752346268.95 -2.000000e+002 4.500000e+001 -3.029766e+001 -1.581107e+001 -2.000000e+002 4.500000e+001 -2.000000e+002 4.500000e+001
1777621920.5975 -2.000000e+002 4.500000e+001 -3.203264e+001 -1.140265e+002 -2.000000e+002 4.500000e+001 -2.000000e+002 4.500000e+001
1802897572.245 -2.000000e+002 4.500000e+001 -2.978699e+001 1.537720e+002 -2.000000e+002 4.500000e+001 -2.000000e+002 4.500000e+001
1828173223.8925 -2.000000e+002 4.500000e+001 -2.757224e+001 4.042035e+001 -2.000000e+002 4.500000e+001 -2.000000e+002 4.500000e+001
1853448875.54 -2.000000e+002 4.500000e+001 -2.593109e+001 -8.205462e+001 -2.000000e+002 4.500000e+001 -2.000000e+002 4.500000e+001
1878724527.1875 -2.000000e+002 4.500000e+001 -2.785969e+001 1.518223e+002 -2.000000e+002 4.500000e+001 -2.000000e+002 4.500000e+001
1904000178.835 -2.000000e+002 4.500000e+001 -2.927322e+001 4.712883e+001 -2.000000e+002 4.500000e+001 -2.000000e+002 4.500000e+001
1929275830.4825 -2.000000e+002 4.500000e+001 -3.034347e+001 -6.918880e+001 -2.000000e+002 4.500000e+001 -2.000000e+002 4.500000e+001
1954551482.13 -2.000000e+002 4.500000e+001 -3.270543e+001 -1.780722e+002 -2.000000e+002 4.500000e+001 -2.000000e+002 4.500000e+001
1979827133.7775 -2.000000e+002 4.500000e+001 -3.691418e+001 7.902320e+001 -2.000000e+002 4.500000e+001 -2.000000e+002 4.500000e+001
2005102785.425 -2.000000e+002 4.500000e+001 -3.812082e+001 -6.498639e+000 -2.000000e+002 4.500000e+001 -2.000000e+002 4.500000e+001
2030378437.0725 -2.000000e+002 4.500000e+001 -3.912825e+001 -1.140897e+002 -2.000000e+002 4.500000e+001 -2.000000e+002 4.500000e+001
2055654088.72 -2.000000e+002 4.500000e+001 -4.305556e+001 1.502579e+002 -2.000000e+002 4.500000e+001 -2.000000e+002 4.500000e+001
2080929740.3675 -2.000000e+002 4.500000e+001 -4.379882e+001 4.391267e+001 -2.000000e+002 4.500000e+001 -2.000000e+002 4.500000e+001
2106205392.015 -2.000000e+002 4.500000e+001 -6.181713e+001 -1.281959e+001 -2.000000e+002 4.500000e+001 -2.000000e+002 4.500000e+001
2131481043.6625 -2.000000e+002 4.500000e+001 -4.042471e+001 -2.451075e+001 -2.000000e+002 4.500000e+001 -2.000000e+002 4.500000e+001
2156756695.31 -2.000000e+002 4.500000e+001 -3.647307e+001 -1.576720e+002 -2.000000e+002 4.500000e+001 -2.000000e+002 4.500000e+001
2182032346.9575 -2.000000e+002 4.500000e+001 -3.313527e+001 7.968391e+001 -2.000000e+002 4.500000e+001 -2.000000e+002 4.500000e+001
2207307998.605 -2.000000e+002 4.500000e+001 -3.415807e+001 -4.266621e+001 -2.000000e+002 4.500000e+001 -2.000000e+002 4.500000e+001
2232583650.2525 -2.000000e+002 4.500000e+001 -3.272556e+001 -1.574662e+002 -2.000000e+002 4.500000e+001 -2.000000e+002 4.500000e+001
2257859301.9 -2.000000e+002 4.500000e+001 -3.274905e+001 7.965995e+001 -2.000000e+002 4.500000e+001 -2.000000e+002 4.500000e+001
2283134953.5475 -2.000000e+002 4.500000e+001 -3.351324e+001 -3.965799e+001 -2.000000e+002 4.500000e+001 -2.000000e+002 4.500000e+001
2308410605.195 -2.000000e+002 4.500000e+001 -3.619742e+001 -1.628957e+002 -2.000000e+002 4.500000e+001 -2.000000e+002 4.500000e+001
2333686256.8425 -2.000000e+002 4.500000e+001 -3.884726e+001 9.096703e+001 -2.000000e+002 4.500000e+001 -2.000000e+002 4.500000e+001
2358961908.49 -2.000000e+002 4.500000e+001 -4.032483e+001 -1.033908e+001 -2.000000e+002 4.500000e+001 -2.000000e+002 4.500000e+001
2384237560.1375 -2.000000e+002 4.500000e+001 -3.920465e+001 -1.311087e+002 -2.000000e+002 4.500000e+001 -2.000000e+002 4.500000e+001
2409513211.785 -2.000000e+002 4.500000e+001 -3.900735e+001 1.073066e+002 -2.000000e+002 4.500000e+001 -2.000000e+002 4.500000e+001
2434788863.4325 -2.000000e+002 4.500000e+001 -3.973158e+001 -5.742149e+001 -2.000000e+002 4.500000e+001 -2.000000e+002 4.500000e+001
2460064515.08 -2.000000e+002 4.500000e+001 -4.001520e+001 1.640208e+002 -2.000000e+002 4.500000e+001 -2.000000e+002 4.500000e+001
2485340166.7275 -2.000000e+002 4.500000e+001 -4.008117e+001 2.215551e+001 -2.000000e+002 4.500000e+001 -2.000000e+002 4.500000e+001
2510615818.375 -2.000000e+002 4.500000e+001 -3.371146e+001 -8.773338e+001 -2.000000e+002 4.500000e+001 -2.000000e+002 4.500000e+001
2535891470.0225 -2.000000e+002 4.500000e+001 -3.229090e+001 1.338983e+002 -2.000000e+002 4.500000e+001 -2.000000e+002 4.500000e+001
2561167121.67 -2.000000e+002 4.500000e+001 -3.158659e+001 1.279293e+001 -2.000000e+002 4.500000e+001 -2.000000e+002 4.500000e+001
2586442773.3175 -2.000000e+002 4.500000e+001 -3.033034e+001 -9.774918e+001 -2.000000e+002 4.500000e+001 -2.000000e+002 4.500000e+001
2611718424.965 -2.000000e+002 4.500000e+001 -2.896761e+001 1.466784e+002 -2.000000e+002 4.500000e+001 -2.000000e+002 4.500000e+001
2636994076.6125 -2.000000e+002 4.500000e+001 -2.841943e+001 2.660766e+001 -2.000000e+002 4.500000e+001 -2.000000e+002 4.500000e+001
2662269728.26 -2.000000e+002 4.500000e+001 -2.865594e+001 -8.403611e+001 -2.000000e+002 4.500000e+001 -2.000000e+002 4.500000e+001
2687545379.9075 -2.000000e+002 4.500000e+001 -2.817770e+001 1.656846e+002 -2.000000e+002 4.500000e+001 -2.000000e+002 4.500000e+001
2712821031.555 -2.000000e+002 4.500000e+001 -2.687645e+001 5.276995e+001 -2.000000e+002 4.500000e+001 -2.000000e+002 4.500000e+001
2738096683.2025 -2.000000e+002 4.500000e+001 -2.728260e+001 -6.632519e+001 -2.000000e+002 4.500000e+001 -2.000000e+002 4.500000e+001
2763372334.85 -2.000000e+002 4.500000e+001 -2.899025e+001 1.787826e+002 -2.000000e+002 4.500000e+001 -2.000000e+002 4.500000e+001
2788647986.4975 -2.000000e+002 4.500000e+001 -2.989622e+001 8.425757e+001 -2.000000e+002 4.500000e+001 -2.000000e+002 4.500000e+001
2813923638.145 -2.000000e+002 4.500000e+001 -2.913651e+001 -2.067894e+001 -2.000000e+002 4.500000e+001 -2.000000e+002 4.500000e+001
2839199289.7925 -2.000000e+002 4.500000e+001 -2.919013e+001 -1.264419e+002 -2.000000e+002 4.500000e+001 -2.000000e+002 4.500000e+001
2864474941.44 -2.000000e+002 4.500000e+001 -2.842375e+001 1.259561e+002 -2.000000e+002 4.500000e+001 -2.000000e+002 4.500000e+001
2889750593.0875 -2.000000e+002 4.500000e+001 -2.786824e+001 1.780691e+001 -2.000000e+002 4.500000e+001 -2.000000e+002 4.500000e+001
2915026244.735 -2.000000e+002 4.500000e+001 -2.777501e+001 -9.748307e+001 -2.000000e+002 4.500000e+001 -2.000000e+002 4.500000e+001
2940301896.3825 -2.000000e+002 4.500000e+001 -2.836405e+001 1.545323e+002 -2.000000e+002 4.500000e+001 -2.000000e+002 4.500000e+001
2965577548.03 -2.000000e+002 4.500000e+001 -2.796686e+001 4.516380e+001 -2.000000e+002 4.500000e+001 -2.000000e+002 4.500000e+001
2990853199.6775 -2.000000e+002 4.500000e+001 -2.814611e+001 -6.728689e+001 -2.000000e+002 4.500000e+001 -2.000000e+002 4.500000e+001
3016128851.325 -2.000000e+002 4.500000e+001 -2.895349e+001 -1.792892e+002 -2.000000e+002 4.500000e+001 -2.000000e+002 4.500000e+001
3041404502.9725 -2.000000e+002 4.500000e+001 -2.931322e+001 7.038982e+001 -2.000000e+002 4.500000e+001 -2.000000e+002 4.500000e+001
3066680154.62 -2.000000e+002 4.500000e+001 -3.035316e+001 -3.597137e+001 -2.000000e+002 4.500000e+001 -2.000000e+002 4.500000e+001
3091955806.2675 -2.000000e+002 4.500000e+001 -3.178635e+001 -1.507695e+002 -2.000000e+002 4.500000e+001 -2.000000e+002 4.500000e+001
3117231457.915 -2.000000e+002 4.500000e+001 -3.316293e+001 1.087188e+002 -2.000000e+002 4.500000e+001 -2.000000e+002 4.500000e+001
3142507109.5625 -2.000000e+002 4.500000e+001 -3.249912e+001 7.054298e+000 -2.000000e+002 4.500000e+001 -2.000000e+002 4.500000e+001
3167782761.21 -2.000000e+002 4.500000e+001 -3.117000e+001 -1.065762e+002 -2.000000e+002 4.500000e+001 -2.000000e+002 4.500000e+001
3193058412.8575 -2.000000e+002 4.500000e+001 -3.077077e+001 1.324167e+002 -2.000000e+002 4.500000e+001 -2.000000e+002 4.500000e+001
3218334064.505 -2.000000e+002 4.500000e+001 -3.120574e+001 1.112513e+001 -2.000000e+002 4.500000e+001 -2.000000e+002 4.500000e+001
3243609716.1525 -2.000000e+002 4.500000e+001 -3.328565e+001 -1.020355e+002 -2.000000e+002 4.500000e+001 -2.000000e+002 4.500000e+001
3268885367.8 -2.000000e+002 4.500000e+001 -3.408767e+001 1.442223e+002 -2.000000e+002 4.500000e+001 -2.000000e+002 4.500000e+001
3294161019.4475 -2.000000e+002 4.500000e+001 -3.369585e+001 2.949555e+001 -2.000000e+002 4.500000e+001 -2.000000e+002 4.500000e+001
3319436671.095 -2.000000e+002 4.500000e+001 -3.442860e+001 -1.016094e+002 -2.000000e+002 4.500000e+001 -2.000000e+002 4.500000e+001
3344712322.7425 -2.000000e+002 4.500000e+001 -3.633217e+001 1.283145e+002 -2.000000e+002 4.500000e+001 -2.000000e+002 4.500000e+001
3369987974.39 -2.000000e+002 4.500000e+001 -4.093541e+001 -2.468360e+000 -2.000000e+002 4.500000e+001 -2.000000e+002 4.500000e+001
3395263626.0375 -2.000000e+002 4.500000e+001 -4.475968e+001 -1.188837e+002 -2.000000e+002 4.500000e+001 -2.000000e+002 4.500000e+001
3420539277.685 -2.000000e+002 4.500000e+001 -4.679890e+001 1.615913e+002 -2.000000e+002 4.500000e+001 -2.000000e+002 4.500000e+001
3445814929.3325 -2.000000e+002 4.500000e+001 -4.472069e+001 7.010660e+001 -2.000000e+002 4.500000e+001 -2.000000e+002 4.500000e+001
3471090580.98 -2.000000e+002 4.500000e+001 -4.038209e+001 -5.869785e+001 -2.000000e+002 4.500000e+001 -2.000000e+002 4.500000e+001
3496366232.6275 -2.000000e+002 4.500000e+001 -3.896790e+001 -1.771520e+002 -2.000000e+002 4.500000e+001 -2.000000e+002 4.500000e+001
3521641884.275 -2.000000e+002 4.500000e+001 -3.766002e+001 6.017624e+001 -2.000000e+002 4.500000e+001 -2.000000e+002 4.500000e+001
3546917535.9225 -2.000000e+002 4.500000e+001 -3.587820e+001 -5.868114e+001 -2.000000e+002 4.500000e+001 -2.000000e+002 4.500000e+001
3572193187.57 -2.000000e+002 4.500000e+001 -3.589507e+001 1.735772e+002 -2.000000e+002 4.500000e+001 -2.000000e+002 4.500000e+001
3597468839.2175 -2.000000e+002 4.500000e+001 -3.588630e+001 5.438068e+001 -2.000000e+002 4.500000e+001 -2.000000e+002 4.500000e+001
3622744490.865 -2.000000e+002 4.500000e+001 -3.630683e+001 -5.708566e+001 -2.000000e+002 4.500000e+001 -2.000000e+002 4.500000e+001
3648020142.5125 -2.000000e+002 4.500000e+001 -3.516105e+001 -1.669910e+002 -2.000000e+002 4.500000e+001 -2.000000e+002 4.500000e+001
3673295794.16 -2.000000e+002 4.500000e+001 -3.572584e+001 8.072879e+001 -2.000000e+002 4.500000e+001 -2.000000e+002 4.500000e+001
3698571445.8075 -2.000000e+002 4.500000e+001 -3.527203e+001 -2.685640e+001 -2.000000e+002 4.500000e+001 -2.000000e+002 4.500000e+001
3723847097.455 -2.000000e+002 4.500000e+001 -3.521579e+001 -1.205499e+002 -2.000000e+002 4.500000e+001 -2.000000e+002 4.500000e+001
3749122749.1025 -2.000000e+002 4.500000e+001 -3.285555e+001 1.348192e+002 -2.000000e+002 4.500000e+001 -2.000000e+002 4.500000e+001
3774398400.75 -2.000000e+002 4.500000e+001 -3.065487e+001 2.363734e+001 -2.000000e+002 4.500000e+001 -2.000000e+002 4.500000e+001
3799674052.3975 -2.000000e+002 4.500000e+001 -2.944861e+001 -9.154470e+001 -2.000000e+002 4.500000e+001 -2.000000e+002 4.500000e+001
3824949704.045 -2.000000e+002 4.500000e+001 -2.881221e+001 1.536766e+002 -2.000000e+002 4.500000e+001 -2.000000e+002 4.500000e+001
3850225355.6925 -2.000000e+002 4.500000e+001 -3.050742e+001 4.686971e+001 -2.000000e+002 4.500000e+001 -2.000000e+002 4.500000e+001
3875501007.34 -2.000000e+002 4.500000e+001 -2.973679e+001 -6.223130e+001 -2.000000e+002 4.500000e+001 -2.000000e+002 4.500000e+001
3900776658.9875 -2.000000e+002 4.500000e+001 -2.933891e+001 -1.740337e+002 -2.000000e+002 4.500000e+001 -2.000000e+002 4.500000e+001
3926052310.635 -2.000000e+002 4.500000e+001 -2.879475e+001 6.824773e+001 -2.000000e+002 4.500000e+001 -2.000000e+002 4.500000e+001
3951327962.2825 -2.000000e+002 4.500000e+001 -2.999121e+001 -4.565335e+001 -2.000000e+002 4.500000e+001 -2.000000e+002 4.500000e+001
3976603613.93 -2.000000e+002 4.500000e+001 -3.025365e+001 -1.528981e+002 -2.000000e+002 4.500000e+001 -2.000000e+002 4.500000e+001
4001879265.5775 -2.000000e+002 4.500000e+001 -3.045492e+001 9.505516e+001 -2.000000e+002 4.500000e+001 -2.000000e+002 4.500000e+001
4027154917.225 -2.000000e+002 4.500000e+001 -3.053152e+001 -1.628924e+001 -2.000000e+002 4.500000e+001 -2.000000e+002 4.500000e+001
4052430568.8725 -2.000000e+002 4.500000e+001 -3.106164e+001 -1.320326e+002 -2.000000e+002 4.500000e+001 -2.000000e+002 4.500000e+001
4077706220.52 -2.000000e+002 4.500000e+001 -3.231335e+001 1.158997e+002 -2.000000e+002 4.500000e+001 -2.000000e+002 4.500000e+001
4102981872.1675 -2.000000e+002 4.500000e+001 -3.321464e+001 1.495837e+001 -2.000000e+002 4.500000e+001 -2.000000e+002 4.500000e+001
4128257523.815 -2.000000e+002 4.500000e+001 -3.301992e+001 -9.410896e+001 -2.000000e+002 4.500000e+001 -2.000000e+002 4.500000e+001
4153533175.4625 -2.000000e+002 4.500000e+001 -3.281060e+001 1.540568e+002 -2.000000e+002 4.500000e+001 -2.000000e+002 4.500000e+001
4178808827.11 -2.000000e+002 4.500000e+001 -3.374621e+001 4.208729e+001 -2.000000e+002 4.500000e+001 -2.000000e+002 4.500000e+001
4204084478.7575 -2.000000e+002 4.500000e+001 -3.486417e+001 -6.241885e+001 -2.000000e+002 4.500000e+001 -2.000000e+002 4.500000e+001
4229360130.405 -2.000000e+002 4.500000e+001 -3.524419e+001 -1.716751e+002 -2.000000e+002 4.500000e+001 -2.000000e+002 4.500000e+001
4254635782.0525 -2.000000e+002 4.500000e+001 -3.431524e+001 7.976959e+001 -2.000000e+002 4.500000e+001 -2.000000e+002 4.500000e+001
4279911433.7 -2.000000e+002 4.500000e+001 -3.532689e+001 -4.103429e+001 -2.000000e+002 4.500000e+001 -2.000000e+002 4.500000e+001
4305187085.3475 -2.000000e+002 4.500000e+001 -3.776238e+001 -1.514756e+002 -2.000000e+002 4.500000e+001 -2.000000e+002 4.500000e+001
4330462736.995 -2.000000e+002 4.500000e+001 -3.909013e+001 1.093139e+002 -2.000000e+002 4.500000e+001 -2.000000e+002 4.500000e+001
4355738388.6425 -2.000000e+002 4.500000e+001 -3.767413e+001 1.483179e+001 -2.000000e+002 4.500000e+001 -2.000000e+002 4.500000e+001
4381014040.29 -2.000000e+002 4.500000e+001 -3.659683e+001 -1.008364e+002 -2.000000e+002 4.500000e+001 -2.000000e+002 4.500000e+001
4406289691.9375 -2.000000e+002 4.500000e+001 -3.614743e+001 1.393607e+002 -2.000000e+002 4.500000e+001 -2.000000e+002 4.500000e+001
4431565343.585 -2.000000e+002 4.500000e+001 -3.701113e+001 2.684631e+001 -2.000000e+002 4.500000e+001 -2.000000e+002 4.500000e+001
4456840995.2325 -2.000000e+002 4.500000e+001 -3.700012e+001 -8.493548e+001 -2.000000e+002 4.500000e+001 -2.000000e+002 4.500000e+001
4482116646.88 -2.000000e+002 4.500000e+001 -3.742603e+001 1.613387e+002 -2.000000e+002 4.500000e+001 -2.000000e+002 4.500000e+001
4507392298.5275 -2.000000e+002 4.500000e+001 -3.639180e+001 4.893538e+001 -2.000000e+002 4.500000e+001 -2.000000e+002 4.500000e+001
4532667950.175 -2.000000e+002 4.500000e+001 -3.624807e+001 -6.839871e+001 -2.000000e+002 4.500000e+001 -2.000000e+002 4.500000e+001
4557943601.8225 -2.000000e+002 4.500000e+001 -3.749360e+001 1.770670e+002 -2.000000e+002 4.500000e+001 -2.000000e+002 4.500000e+001
4583219253.47 -2.000000e+002 4.500000e+001 -3.885410e+001 5.619360e+001 -2.000000e+002 4.500000e+001 -2.000000e+002 4.500000e+001
4608494905.1175 -2.000000e+002 4.500000e+001 -3.943362e+001 -5.646922e+001 -2.000000e+002 4.500000e+001 -2.000000e+002 4.500000e+001
4633770556.765 -2.000000e+002 4.500000e+001 -4.006258e+001 -1.778875e+002 -2.000000e+002 4.500000e+001 -2.000000e+002 4.500000e+001
4659046208.4125 -2.000000e+002 4.500000e+001 -4.209192e+001 6.780676e+001 -2.000000e+002 4.500000e+001 -2.000000e+002 4.500000e+001
4684321860.06 -2.000000e+002 4.500000e+001 -4.503964e+001 -3.118605e+001 -2.000000e+002 4.500000e+001 -2.000000e+002 4.500000e+001
4709597511.7075 -2.000000e+002 4.500000e+001 -4.331527e+001 -1.265608e+002 -2.000000e+002 4.500000e+001 -2.000000e+002 4.500000e+001
4734873163.355 -2.000000e+002 4.500000e+001 -4.160472e+001 1.219678e+002 -2.000000e+002 4.500000e+001 -2.000000e+002 4.500000e+001
4760148815.0025 -2.000000e+002 4.500000e+001 -4.186013e+001 -8.088019e-001 -2.000000e+002 4.500000e+001 -2.000000e+002 4.500000e+001
4785424466.65 -2.000000e+002 4.500000e+001 -4.196449e+001 -1.140710e+002 -2.000000e+002 4.500000e+001 -2.000000e+002 4.500000e+001
4810700118.2975 -2.000000e+002 4.500000e+001 -4.171743e+001 1.359300e+002 -2.000000e+002 4.500000e+001 -2.000000e+002 4.500000e+001
4835975769.945 -2.000000e+002 4.500000e+001 -4.325544e+001 1.884649e+001 -2.000000e+002 4.500000e+001 -2.000000e+002 4.500000e+001
4861251421.5925 -2.000000e+002 4.500000e+001 -4.485204e+001 -9.369270e+001 -2.000000e+002 4.500000e+001 -2.000000e+002 4.500000e+001
4886527073.24 -2.000000e+002 4.500000e+001 -4.341859e+001 1.381951e+002 -2.000000e+002 4.500000e+001 -2.000000e+002 4.500000e+001
4911802724.8875 -2.000000e+002 4.500000e+001 -4.452617e+001 8.235533e+000 -2.000000e+002 4.500000e+001 -2.000000e+002 4.500000e+001
4937078376.535 -2.000000e+002 4.500000e+001 -4.494385e+001 -1.272950e+002 -2.000000e+002 4.500000e+001 -2.000000e+002 4.500000e+001
4962354028.1825 -2.000000e+002 4.500000e+001 -4.549622e+001 9.657052e+001 -2.000000e+002 4.500000e+001 -2.000000e+002 4.500000e+001
4987629679.83 -2.000000e+002 4.500000e+001 -4.337337e+001 -7.210941e+001 -2.000000e+002 4.500000e+001 -2.000000e+002 4.500000e+001
5012905331.4775 -2.000000e+002 4.500000e+001 -4.291064e+001 1.672057e+002 -2.000000e+002 4.500000e+001 -2.000000e+002 4.500000e+001
5038180983.125 -2.000000e+002 4.500000e+001 -4.398265e+001 2.859061e+001 -2.000000e+002 4.500000e+001 -2.000000e+002 4.500000e+001
5063456634.7725 -2.000000e+002 4.500000e+001 -4.396672e+001 -8.415355e+001 -2.000000e+002 4.500000e+001 -2.000000e+002 4.500000e+001
5088732286.42 -2.000000e+002 4.500000e+001 -4.610326e+001 -1.785605e+002 -2.000000e+002 4.500000e+001 -2.000000e+002 4.500000e+001
5114007938.0675 -2.000000e+002 4.500000e+001 -4.263307e+001 8.157353e+001 -2.000000e+002 4.500000e+001 -2.000000e+002 4.500000e+001
5139283589.715 -2.000000e+002 4.500000e+001 -4.184806e+001 -3.557145e+001 -2.000000e+002 4.500000e+001 -2.000000e+002 4.500000e+001
5164559241.3625 -2.000000e+002 4.500000e+001 -4.189513e+001 -1.357937e+002 -2.000000e+002 4.500000e+001 -2.000000e+002 4.500000e+001
5189834893.01 -2.000000e+002 4.500000e+001 -4.030526e+001 1.259652e+002 -2.000000e+002 4.500000e+001 -2.000000e+002 4.500000e+001
5215110544.6575 -2.000000e+002 4.500000e+001 -3.796285e+001 2.158601e+001 -2.000000e+002 4.500000e+001 -2.000000e+002 4.500000e+001
5240386196.305 -2.000000e+002 4.500000e+001 -3.637793e+001 -9.739951e+001 -2.000000e+002 4.500000e+001 -2.000000e+002 4.500000e+001
5265661847.9525 -2.000000e+002 4.500000e+001 -3.521703e+001 1.495660e+002 -2.000000e+002 4.500000e+001 -2.000000e+002 4.500000e+001
5290937499.6 -2.000000e+002 4.500000e+001 -3.547042e+001 3.764968e+001 -2.000000e+002 4.500000e+001 -2.000000e+002 4.500000e+001
5316213151.2475 -2.000000e+002 4.500000e+001 -3.405037e+001 -7.339312e+001 -2.000000e+002 4.500000e+001 -2.000000e+002 4.500000e+001
5341488802.895 -2.000000e+002 4.500000e+001 -3.420712e+001 1.735833e+002 -2.000000e+002 4.500000e+001 -2.000000e+002 4.500000e+001
5366764454.5425 -2.000000e+002 4.500000e+001 -3.390748e+001 6.042519e+001 -2.000000e+002 4.500000e+001 -2.000000e+002 4.500000e+001
5392040106.19 -2.000000e+002 4.500000e+001 -3.438730e+001 -5.316285e+001 -2.000000e+002 4.500000e+001 -2.000000e+002 4.500000e+001
5417315757.8375 -2.000000e+002 4.500000e+001 -3.427064e+001 -1.588356e+002 -2.000000e+002 4.500000e+001 -2.000000e+002 4.500000e+001
5442591409.485 -2.000000e+002 4.500000e+001 -3.385001e+001 8.503687e+001 -2.000000e+002 4.500000e+001 -2.000000e+002 4.500000e+001
5467867061.1325 -2.000000e+002 4.500000e+001 -3.512315e+001 -2.970468e+001 -2.000000e+002 4.500000e+001 -2.000000e+002 4.500000e+001
5493142712.78 -2.000000e+002 4.500000e+001 -3.620997e+001 -1.311482e+002 -2.000000e+002 4.500000e+001 -2.000000e+002 4.500000e+001
5518418364.4275 -2.000000e+002 4.500000e+001 -3.679221e+001 1.273214e+002 -2.000000e+002 4.500000e+001 -2.000000e+002 4.500000e+001
5543694016.075 -2.000000e+002 4.500000e+001 -3.611136e+001 3.141516e+001 -2.000000e+002 4.500000e+001 -2.000000e+002 4.500000e+001
5568969667.7225 -2.000000e+002 4.500000e+001 -3.428192e+001 -7.773349e+001 -2.000000e+002 4.500000e+001 -2.000000e+002 4.500000e+001
5594245319.37 -2.000000e+002 4.500000e+001 -3.422708e+001 1.666411e+002 -2.000000e+002 4.500000e+001 -2.000000e+002 4.500000e+001
5619520971.0175 -2.000000e+002 4.500000e+001 -3.469624e+001 5.896663e+001 -2.000000e+002 4.500000e+001 -2.000000e+002 4.500000e+001
5644796622.665 -2.000000e+002 4.500000e+001 -3.554108e+001 -5.037532e+001 -2.000000e+002 4.500000e+001 -2.000000e+002 4.500000e+001
5670072274.3125 -2.000000e+002 4.500000e+001 -3.635179e+001 -1.562456e+002 -2.000000e+002 4.500000e+001 -2.000000e+002 4.500000e+001
5695347925.96 -2.000000e+002 4.500000e+001 -3.649174e+001 1.026743e+002 -2.000000e+002 4.500000e+001 -2.000000e+002 4.500000e+001
5720623577.6075 -2.000000e+002 4.500000e+001 -3.705647e+001 -3.239427e+000 -2.000000e+002 4.500000e+001 -2.000000e+002 4.500000e+001
5745899229.255 -2.000000e+002 4.500000e+001 -3.834727e+001 -1.141000e+002 -2.000000e+002 4.500000e+001 -2.000000e+002 4.500000e+001
5771174880.9025 -2.000000e+002 4.500000e+001 -3.969573e+001 1.466389e+002 -2.000000e+002 4.500000e+001 -2.000000e+002 4.500000e+001
5796450532.55 -2.000000e+002 4.500000e+001 -4.010892e+001 4.961742e+001 -2.000000e+002 4.500000e+001 -2.000000e+002 4.500000e+001
5821726184.1975 -2.000000e+002 4.500000e+001 -3.993712e+001 -5.676782e+001 -2.000000e+002 4.500000e+001 -2.000000e+002 4.500000e+001
5847001835.845 -2.000000e+002 4.500000e+001 -4.135315e+001 -1.656211e+002 -2.000000e+002 4.500000e+001 -2.000000e+002 4.500000e+001
5872277487.4925 -2.000000e+002 4.500000e+001 -4.487627e+001 9.276292e+001 -2.000000e+002 4.500000e+001 -2.000000e+002 4.500000e+001
5897553139.14 -2.000000e+002 4.500000e+001 -4.499895e+001 3.082910e+001 -2.000000e+002 4.500000e+001 -2.000000e+002 4.500000e+001
5922828790.7875 -2.000000e+002 4.500000e+001 -4.217705e+001 -7.385712e+001 -2.000000e+002 4.500000e+001 -2.000000e+002 4.500000e+001
5948104442.435 -2.000000e+002 4.500000e+001 -4.119831e+001 1.755868e+002 -2.000000e+002 4.500000e+001 -2.000000e+002 4.500000e+001
5973380094.0825 -2.000000e+002 4.500000e+001 -4.173278e+001 7.139248e+001 -2.000000e+002 4.500000e+001 -2.000000e+002 4.500000e+001
5998655745.73 -2.000000e+002 4.500000e+001 -4.150101e+001 -2.289630e+001 -2.000000e+002 4.500000e+001 -2.000000e+002 4.500000e+001
6023931397.3775 -2.000000e+002 4.500000e+001 -3.969879e+001 -1.293503e+002 -2.000000e+002 4.500000e+001 -2.000000e+002 4.500000e+001
6049207049.025 -2.000000e+002 4.500000e+001 -3.863496e+001 1.102533e+002 -2.000000e+002 4.500000e+001 -2.000000e+002 4.500000e+001
6074482700.6725 -2.000000e+002 4.500000e+001 -4.124242e+001 -3.808769e-001 -2.000000e+002 4.500000e+001 -2.000000e+002 4.500000e+001
6099758352.32 -2.000000e+002 4.500000e+001 -4.164759e+001 -1.132834e+002 -2.000000e+002 4.500000e+001 -2.000000e+002 4.500000e+001
6125034003.9675 -2.000000e+002 4.500000e+001 -4.333543e+001 1.414186e+002 -2.000000e+002 4.500000e+001 -2.000000e+002 4.500000e+001
6150309655.615 -2.000000e+002 4.500000e+001 -4.492189e+001 3.613506e+001 -2.000000e+002 4.500000e+001 -2.000000e+002 4.500000e+001
6175585307.2625 -2.000000e+002 4.500000e+001 -4.828208e+001 -6.650587e+001 -2.000000e+002 4.500000e+001 -2.000000e+002 4.500000e+001
6200860958.91 -2.000000e+002 4.500000e+001 -4.835624e+001 -1.419745e+002 -2.000000e+002 4.500000e+001 -2.000000e+002 4.500000e+001
6226136610.5575 -2.000000e+002 4.500000e+001 -4.695484e+001 1.321852e+002 -2.000000e+002 4.500000e+001 -2.000000e+002 4.500000e+001
6251412262.205 -2.000000e+002 4.500000e+001 -4.198595e+001 3.229942e+001 -2.000000e+002 4.500000e+001 -2.000000e+002 4.500000e+001
6276687913.8525 -2.000000e+002 4.500000e+001 -3.998876e+001 -8.923363e+001 -2.000000e+002 4.500000e+001 -2.000000e+002 4.500000e+001
6301963565.5 -2.000000e+002 4.500000e+001 -3.963800e+001 1.549855e+002 -2.000000e+002 4.500000e+001 -2.000000e+002 4.500000e+001
6327239217.1475 -2.000000e+002 4.500000e+001 -3.983710e+001 4.708150e+001 -2.000000e+002 4.500000e+001 -2.000000e+002 4.500000e+001
6352514868.795 -2.000000e+002 4.500000e+001 -3.943826e+001 -6.038704e+001 -2.000000e+002 4.500000e+001 -2.000000e+002 4.500000e+001
6377790520.4425 -2.000000e+002 4.500000e+001 -3.890136e+001 -1.610260e+002 -2.000000e+002 4.500000e+001 -2.000000e+002 4.500000e+001
6403066172.09 -2.000000e+002 4.500000e+001 -3.648948e+001 8.953480e+001 -2.000000e+002 4.500000e+001 -2.000000e+002 4.500000e+001
6428341823.7375 -2.000000e+002 4.500000e+001 -3.624436e+001 -2.324667e+001 -2.000000e+002 4.500000e+001 -2.000000e+002 4.500000e+001
6453617475.385 -2.000000e+002 4.500000e+001 -3.643608e+001 -1.378058e+002 -2.000000e+002 4.500000e+001 -2.000000e+002 4.500000e+001
6478893127.0325 -2.000000e+002 4.500000e+001 -3.725895e+001 1.172520e+002 -2.000000e+002 4.500000e+001 -2.000000e+002 4.500000e+001
6504168778.68 -2.000000e+002 4.500000e+001 -3.692836e+001 4.181880e+000 -2.000000e+002 4.500000e+001 -2.000000e+002 4.500000e+001
6529444430.3275 -2.000000e+002 4.500000e+001 -3.753277e+001 -1.076305e+002 -2.000000e+002 4.500000e+001 -2.000000e+002 4.500000e+001
6554720081.975 -2.000000e+002 4.500000e+001 -3.840078e+001 1.361223e+002 -2.000000e+002 4.500000e+001 -2.000000e+002 4.500000e+001
6579995733.6225 -2.000000e+002 4.500000e+001 -4.065588e+001 2.868950e+001 -2.000000e+002 4.500000e+001 -2.000000e+002 4.500000e+001
6605271385.27 -2.000000e+002 4.500000e+001 -4.276524e+001 -7.112109e+001 -2.000000e+002 4.500000e+001 -2.000000e+002 4.500000e+001
6630547036.9175 -2.000000e+002 4.500000e+001 -4.264683e+001 -1.692667e+002 -2.000000e+002 4.500000e+001 -2.000000e+002 4.500000e+001
6655822688.565 -2.000000e+002 4.500000e+001 -4.247569e+001 9.102573e+001 -2.000000e+002 4.500000e+001 -2.000000e+002 4.500000e+001
6681098340.2125 -2.000000e+002 4.500000e+001 -4.269356e+001 -2.505791e+001 -2.000000e+002 4.500000e+001 -2.000000e+002 4.500000e+001
6706373991.86 -2.000000e+002 4.500000e+001 -4.408887e+001 -1.306071e+002 -2.000000e+002 4.500000e+001 -2.000000e+002 4.500000e+001
6731649643.5075 -2.000000e+002 4.500000e+001 -4.360601e+001 1.089469e+002 -2.000000e+002 4.500000e+001 -2.000000e+002 4.500000e+001
6756925295.155 -2.000000e+002 4.500000e+001 -4.681445e+001 -1.890998e+001 -2.000000e+002 4.500000e+001 -2.000000e+002 4.500000e+001
6782200946.8025 -2.000000e+002 4.500000e+001 -5.051419e+001 -1.429701e+002 -2.000000e+002 4.500000e+001 -2.000000e+002 4.500000e+001
6807476598.45 -2.000000e+002 4.500000e+001 -5.539373e+001 9.921251e+001 -2.000000e+002 4.500000e+001 -2.000000e+002 4.500000e+001
6832752250.0975 -2.000000e+002 4.500000e+001 -6.060898e+001 -7.213188e+001 -2.000000e+002 4.500000e+001 -2.000000e+002 4.500000e+001
6858027901.745 -2.000000e+002 4.500000e+001 -6.377365e+001 4.974076e+001 -2.000000e+002 4.500000e+001 -2.000000e+002 4.500000e+001
6883303553.3925 -2.000000e+002 4.500000e+001 -5.717980e+001 -8.248665e+001 -2.000000e+002 4.500000e+001 -2.000000e+002 4.500000e+001
6908579205.04 -2.000000e+002 4.500000e+001 -5.723580e+001 1.359955e+002 -2.000000e+002 4.500000e+001 -2.000000e+002 4.500000e+001
6933854856.6875 -2.000000e+002 4.500000e+001 -5.089094e+001 1.741911e+001 -2.000000e+002 4.500000e+001 -2.000000e+002 4.500000e+001
6959130508.335 -2.000000e+002 4.500000e+001 -4.717714e+001 -1.081344e+002 -2.000000e+002 4.500000e+001 -2.000000e+002 4.500000e+001
6984406159.9825 -2.000000e+002 4.500000e+001 -4.390108e+001 1.162895e+002 -2.000000e+002 4.500000e+001 -2.000000e+002 4.500000e+001
7009681811.63 -2.000000e+002 4.500000e+001 -4.447772e+001 -1.067017e+001 -2.000000e+002 4.500000e+001 -2.000000e+002 4.500000e+001
7034957463.2775 -2.000000e+002 4.500000e+001 -4.463367e+001 -1.219577e+002 -2.000000e+002 4.500000e+001 -2.000000e+002 4.500000e+001
7060233114.925 -2.000000e+002 4.500000e+001 -4.474580e+001 1.190542e+002 -2.000000e+002 4.500000e+001 -2.000000e+002 4.500000e+001
7085508766.5725 -2.000000e+002 4.500000e+001 -4.513087e+001 5.252130e+000 -2.000000e+002 4.500000e+001 -2.000000e+002 4.500000e+001
7110784418.22 -2.000000e+002 4.500000e+001 -4.588293e+001 -1.066237e+002 -2.000000e+002 4.500000e+001 -2.000000e+002 4.500000e+001
7136060069.8675 -2.000000e+002 4.500000e+001 -4.648804e+001 1.443731e+002 -2.000000e+002 4.500000e+001 -2.000000e+002 4.500000e+001
7161335721.515 -2.000000e+002 4.500000e+001 -4.706343e+001 3.076040e+001 -2.000000e+002 4.500000e+001 -2.000000e+002 4.500000e+001
7186611373.1625 -2.000000e+002 4.500000e+001 -4.930581e+001 -7.270748e+001 -2.000000e+002 4.500000e+001 -2.000000e+002 4.500000e+001
7211887024.81 -2.000000e+002 4.500000e+001 -5.079919e+001 -1.639007e+002 -2.000000e+002 4.500000e+001 -2.000000e+002 4.500000e+001
7237162676.4575 -2.000000e+002 4.500000e+001 -4.649893e+001 1.164251e+002 -2.000000e+002 4.500000e+001 -2.000000e+002 4.500000e+001
7262438328.105 -2.000000e+002 4.500000e+001 -4.476877e+001 -3.986831e-001 -2.000000e+002 4.500000e+001 -2.000000e+002 4.500000e+001
7287713979.7525 -2.000000e+002 4.500000e+001 -4.362912e+001 -1.121928e+002 -2.000000e+002 4.500000e+001 -2.000000e+002 4.500000e+001
7312989631.4 -2.000000e+002 4.500000e+001 -4.259734e+001 1.360803e+002 -2.000000e+002 4.500000e+001 -2.000000e+002 4.500000e+001
7338265283.0475 -2.000000e+002 4.500000e+001 -4.253164e+001 2.618871e+001 -2.000000e+002 4.500000e+001 -2.000000e+002 4.500000e+001
7363540934.695 -2.000000e+002 4.500000e+001 -4.228761e+001 -8.774451e+001 -2.000000e+002 4.500000e+001 -2.000000e+002 4.500000e+001
7388816586.3425 -2.000000e+002 4.500000e+001 -4.184354e+001 1.653597e+002 -2.000000e+002 4.500000e+001 -2.000000e+002 4.500000e+001
7414092237.99 -2.000000e+002 4.500000e+001 -4.232047e+001 6.553897e+001 -2.000000e+002 4.500000e+001 -2.000000e+002 4.500000e+001
7439367889.6375 -2.000000e+002 4.500000e+001 -3.924628e+001 -3.981989e+001 -2.000000e+002 4.500000e+001 -2.000000e+002 4.500000e+001
7464643541.285 -2.000000e+002 4.500000e+001 -3.825406e+001 -1.577933e+002 -2.000000e+002 4.500000e+001 -2.000000e+002 4.500000e+001
7489919192.9325 -2.000000e+002 4.500000e+001 -3.775862e+001 8.756345e+001 -2.000000e+002 4.500000e+001 -2.000000e+002 4.500000e+001
7515194844.58 -2.000000e+002 4.500000e+001 -3.834911e+001 -2.617519e+001 -2.000000e+002 4.500000e+001 -2.000000e+002 4.500000e+001
7540470496.2275 -2.000000e+002 4.500000e+001 -3.823383e+001 -1.289549e+002 -2.000000e+002 4.500000e+001 -2.000000e+002 4.500000e+001
7565746147.875 -2.000000e+002 4.500000e+001 -3.661830e+001 1.276048e+002 -2.000000e+002 4.500000e+001 -2.000000e+002 4.500000e+001
7591021799.5225 -2.000000e+002 4.500000e+001 -3.540369e+001 4.864433e+000 -2.000000e+002 4.500000e+001 -2.000000e+002 4.500000e+001
7616297451.17 -2.000000e+002 4.500000e+001 -3.593424e+001 -1.091721e+002 -2.000000e+002 4.500000e+001 -2.000000e+002 4.500000e+001
7641573102.8175 -2.000000e+002 4.500000e+001 -3.727157e+001 1.433029e+002 -2.000000e+002 4.500000e+001 -2.000000e+002 4.500000e+001
7666848754.465 -2.000000e+002 4.500000e+001 -3.815754e+001 3.388268e+001 -2.000000e+002 4.500000e+001 -2.000000e+002 4.500000e+001
7692124406.1125 -2.000000e+002 4.500000e+001 -4.006938e+001 -7.271939e+001 -2.000000e+002 4.500000e+001 -2.000000e+002 4.500000e+001
7717400057.76 -2.000000e+002 4.500000e+001 -4.081680e+001 -1.747768e+002 -2.000000e+002 4.500000e+001 -2.000000e+002 4.500000e+001
7742675709.4075 -2.000000e+002 4.500000e+001 -4.164912e+001 8.251475e+001 -2.000000e+002 4.500000e+001 -2.000000e+002 4.500000e+001
7767951361.055 -2.000000e+002 4.500000e+001 -4.287961e+001 -1.520263e+001 -2.000000e+002 4.500000e+001 -2.000000e+002 4.500000e+001
7793227012.7025 -2.000000e+002 4.500000e+001 -4.233006e+001 -1.130737e+002 -2.000000e+002 4.500000e+001 -2.000000e+002 4.500000e+001
7818502664.35 -2.000000e+002 4.500000e+001 -4.147078e+001 1.460406e+002 -2.000000e+002 4.500000e+001 -2.000000e+002 4.500000e+001
7843778315.9975 -2.000000e+002 4.500000e+001 -4.108710e+001 3.224681e+001 -2.000000e+002 4.500000e+001 -2.000000e+002 4.500000e+001
7869053967.645 -2.000000e+002 4.500000e+001 -4.136710e+001 -7.598439e+001 -2.000000e+002 4.500000e+001 -2.000000e+002 4.500000e+001
7894329619.2925 -2.000000e+002 4.500000e+001 -4.250696e+001 1.753609e+002 -2.000000e+002 4.500000e+001 -2.000000e+002 4.500000e+001
7919605270.94 -2.000000e+002 4.500000e+001 -4.152668e+001 7.209114e+001 -2.000000e+002 4.500000e+001 -2.000000e+002 4.500000e+001
7944880922.5875 -2.000000e+002 4.500000e+001 -4.173547e+001 -3.856522e+001 -2.000000e+002 4.500000e+001 -2.000000e+002 4.500000e+001
7970156574.235 -2.000000e+002 4.500000e+001 -4.117320e+001 -1.446964e+002 -2.000000e+002 4.500000e+001 -2.000000e+002 4.500000e+001
7995432225.8825 -2.000000e+002 4.500000e+001 -4.104710e+001 1.068457e+002 -2.000000e+002 4.500000e+001 -2.000000e+002 4.500000e+001
8020707877.53 -2.000000e+002 4.500000e+001 -4.061708e+001 4.224453e-001 -2.000000e+002 4.500000e+001 -2.000000e+002 4.500000e+001
8045983529.1775 -2.000000e+002 4.500000e+001 -3.930215e+001 -1.030712e+002 -2.000000e+002 4.500000e+001 -2.000000e+002 4.500000e+001
8071259180.825 -2.000000e+002 4.500000e+001 -3.792856e+001 1.401448e+002 -2.000000e+002 4.500000e+001 -2.000000e+002 4.500000e+001
8096534832.4725 -2.000000e+002 4.500000e+001 -3.796606e+001 2.909109e+001 -2.000000e+002 4.500000e+001 -2.000000e+002 4.500000e+001
8121810484.12 -2.000000e+002 4.500000e+001 -3.780547e+001 -8.043408e+001 -2.000000e+002 4.500000e+001 -2.000000e+002 4.500000e+001
8147086135.7675 -2.000000e+002 4.500000e+001 -3.678487e+001 1.697905e+002 -2.000000e+002 4.500000e+001 -2.000000e+002 4.500000e+001
8172361787.415 -2.000000e+002 4.500000e+001 -3.698285e+001 5.280998e+001 -2.000000e+002 4.500000e+001 -2.000000e+002 4.500000e+001
8197637439.0625 -2.000000e+002 4.500000e+001 -3.768557e+001 -5.855215e+001 -2.000000e+002 4.500000e+001 -2.000000e+002 4.500000e+001
8222913090.71 -2.000000e+002 4.500000e+001 -3.873363e+001 -1.679111e+002 -2.000000e+002 4.500000e+001 -2.000000e+002 4.500000e+001
8248188742.3575 -2.000000e+002 4.500000e+001 -3.895468e+001 8.927187e+001 -2.000000e+002 4.500000e+001 -2.000000e+002 4.500000e+001
8273464394.005 -2.000000e+002 4.500000e+001 -3.870850e+001 -1.661629e+001 -2.000000e+002 4.500000e+001 -2.000000e+002 4.500000e+001
8298740045.6525 -2.000000e+002 4.500000e+001 -3.793990e+001 -1.330500e+002 -2.000000e+002 4.500000e+001 -2.000000e+002 4.500000e+001
8324015697.3 -2.000000e+002 4.500000e+001 -3.905854e+001 1.093907e+002 -2.000000e+002 4.500000e+001 -2.000000e+002 4.500000e+001
8349291348.9475 -2.000000e+002 4.500000e+001 -4.036371e+001 2.025958e+000 -2.000000e+002 4.500000e+001 -2.000000e+002 4.500000e+001
8374567000.595 -2.000000e+002 4.500000e+001 -4.092567e+001 -1.085257e+002 -2.000000e+002 4.500000e+001 -2.000000e+002 4.500000e+001
8399842652.2425 -2.000000e+002 4.500000e+001 -4.169971e+001 1.425110e+002 -2.000000e+002 4.500000e+001 -2.000000e+002 4.500000e+001
8425118303.89 -2.000000e+002 4.500000e+001 -4.297097e+001 2.060080e+001 -2.000000e+002 4.500000e+001 -2.000000e+002 4.500000e+001
8450393955.5375 -2.000000e+002 4.500000e+001 -4.554011e+001 -8.414807e+001 -2.000000e+002 4.500000e+001 -2.000000e+002 4.500000e+001
8475669607.185 -2.000000e+002 4.500000e+001 -4.764946e+001 1.731186e+002 -2.000000e+002 4.500000e+001 -2.000000e+002 4.500000e+001
8500945258.8325 -2.000000e+002 4.500000e+001 -4.728189e+001 7.048617e+001 -2.000000e+002 4.500000e+001 -2.000000e+002 4.500000e+001
8526220910.48 -2.000000e+002 4.500000e+001 -4.753925e+001 -4.556339e+001 -2.000000e+002 4.500000e+001 -2.000000e+002 4.500000e+001
8551496562.1275 -2.000000e+002 4.500000e+001 -4.865389e+001 -1.719882e+002 -2.000000e+002 4.500000e+001 -2.000000e+002 4.500000e+001
8576772213.775 -2.000000e+002 4.500000e+001 -5.294189e+001 6.541684e+001 -2.000000e+002 4.500000e+001 -2.000000e+002 4.500000e+001
8602047865.4225 -2.000000e+002 4.500000e+001 -5.838699e+001 -4.714406e+001 -2.000000e+002 4.500000e+001 -2.000000e+002 4.500000e+001
8627323517.07 -2.000000e+002 4.500000e+001 -6.136469e+001 1.728213e+002 -2.000000e+002 4.500000e+001 -2.000000e+002 4.500000e+001
8652599168.7175 -2.000000e+002 4.500000e+001 -5.903697e+001 -5.702663e+001 -2.000000e+002 4.500000e+001 -2.000000e+002 4.500000e+001
8677874820.365 -2.000000e+002 4.500000e+001 -5.616547e+001 1.561817e+002 -2.000000e+002 4.500000e+001 -2.000000e+002 4.500000e+001
8703150472.0125 -2.000000e+002 4.500000e+001 -5.541813e+001 3.726436e+001 -2.000000e+002 4.500000e+001 -2.000000e+002 4.500000e+001
8728426123.66 -2.000000e+002 4.500000e+001 -5.294973e+001 -5.712497e+001 -2.000000e+002 4.500000e+001 -2.000000e+002 4.500000e+001
8753701775.3075 -2.000000e+002 4.500000e+001 -4.834111e+001 -1.702393e+002 -2.000000e+002 4.500000e+001 -2.000000e+002 4.500000e+001
8778977426.955 -2.000000e+002 4.500000e+001 -4.740335e+001 5.482327e+001 -2.000000e+002 4.500000e+001 -2.000000e+002 4.500000e+001
8804253078.6025 -2.000000e+002 4.500000e+001 -4.858851e+001 -5.224446e+001 -2.000000e+002 4.500000e+001 -2.000000e+002 4.500000e+001
8829528730.25 -2.000000e+002 4.500000e+001 -4.952458e+001 -1.618142e+002 -2.000000e+002 4.500000e+001 -2.000000e+002 4.500000e+001
8854804381.8975 -2.000000e+002 4.500000e+001 -4.821940e+001 1.079139e+002 -2.000000e+002 4.500000e+001 -2.000000e+002 4.500000e+001
8880080033.545 -2.000000e+002 4.500000e+001 -4.571466e+001 1.392921e+000 -2.000000e+002 4.500000e+001 -2.000000e+002 4.500000e+001
8905355685.1925 -2.000000e+002 4.500000e+001 -4.395009e+001 -1.181702e+002 -2.000000e+002 4.500000e+001 -2.000000e+002 4.500000e+001
8930631336.84 -2.000000e+002 4.500000e+001 -4.530206e+001 1.334055e+002 -2.000000e+002 4.500000e+001 -2.000000e+002 4.500000e+001
8955906988.4875 -2.000000e+002 4.500000e+001 -4.483769e+001 3.514294e+001 -2.000000e+002 4.500000e+001 -2.000000e+002 4.500000e+001
8981182640.135 -2.000000e+002 4.500000e+001 -4.266831e+001 -6.531594e+001 -2.000000e+002 4.500000e+001 -2.000000e+002 4.500000e+001
9006458291.7825 -2.000000e+002 4.500000e+001 -4.061970e+001 -1.799151e+002 -2.000000e+002 4.500000e+001 -2.000000e+002 4.500000e+001
9031733943.43 -2.000000e+002 4.500000e+001 -3.969826e+001 5.994214e+001 -2.000000e+002 4.500000e+001 -2.000000e+002 4.500000e+001
9057009595.0775 -2.000000e+002 4.500000e+001 -4.048714e+001 -5.690182e+001 -2.000000e+002 4.500000e+001 -2.000000e+002 4.500000e+001
9082285246.725 -2.000000e+002 4.500000e+001 -4.169806e+001 -1.588696e+002 -2.000000e+002 4.500000e+001 -2.000000e+002 4.500000e+001
9107560898.3725 -2.000000e+002 4.500000e+001 -4.049491e+001 9.952785e+001 -2.000000e+002 4.500000e+001 -2.000000e+002 4.500000e+001
9132836550.02 -2.000000e+002 4.500000e+001 -3.999374e+001 -1.646998e+001 -2.000000e+002 4.500000e+001 -2.000000e+002 4.500000e+001
9158112201.6675 -2.000000e+002 4.500000e+001 -4.126485e+001 -1.271964e+002 -2.000000e+002 4.500000e+001 -2.000000e+002 4.500000e+001
9183387853.315 -2.000000e+002 4.500000e+001 -4.207186e+001 1.289711e+002 -2.000000e+002 4.500000e+001 -2.000000e+002 4.500000e+001
9208663504.9625 -2.000000e+002 4.500000e+001 -4.136882e+001 3.313337e+001 -2.000000e+002 4.500000e+001 -2.000000e+002 4.500000e+001
9233939156.61 -2.000000e+002 4.500000e+001 -4.007223e+001 -7.952963e+001 -2.000000e+002 4.500000e+001 -2.000000e+002 4.500000e+001
9259214808.2575 -2.000000e+002 4.500000e+001 -3.991965e+001 1.658088e+002 -2.000000e+002 4.500000e+001 -2.000000e+002 4.500000e+001
9284490459.905 -2.000000e+002 4.500000e+001 -4.061554e+001 5.291298e+001 -2.000000e+002 4.500000e+001 -2.000000e+002 4.500000e+001
9309766111.5525 -2.000000e+002 4.500000e+001 -4.085998e+001 -5.750841e+001 -2.000000e+002 4.500000e+001 -2.000000e+002 4.500000e+001
9335041763.2 -2.000000e+002 4.500000e+001 -4.151526e+001 -1.679646e+002 -2.000000e+002 4.500000e+001 -2.000000e+002 4.500000e+001
9360317414.8475 -2.000000e+002 4.500000e+001 -4.158487e+001 7.634235e+001 -2.000000e+002 4.500000e+001 -2.000000e+002 4.500000e+001
9385593066.495 -2.000000e+002 4.500000e+001 -4.358111e+001 -3.841561e+001 -2.000000e+002 4.500000e+001 -2.000000e+002 4.500000e+001
9410868718.1425 -2.000000e+002 4.500000e+001 -4.658829e+001 -1.380017e+002 -2.000000e+002 4.500000e+001 -2.000000e+002 4.500000e+001
9436144369.79 -2.000000e+002 4.500000e+001 -4.722731e+001 1.327913e+002 -2.000000e+002 4.500000e+001 -2.000000e+002 4.500000e+001
9461420021.4375 -2.000000e+002 4.500000e+001 -4.404597e+001 3.630456e+001 -2.000000e+002 4.500000e+001 -2.000000e+002 4.500000e+001
9486695673.085 -2.000000e+002 4.500000e+001 -4.352870e+001 -8.088258e+001 -2.000000e+002 4.500000e+001 -2.000000e+002 4.500000e+001
9511971324.7325 -2.000000e+002 4.500000e+001 -4.350816e+001 1.716975e+002 -2.000000e+002 4.500000e+001 -2.000000e+002 4.500000e+001
9537246976.38 -2.000000e+002 4.500000e+001 -4.269050e+001 6.024699e+001 -2.000000e+002 4.500000e+001 -2.000000e+002 4.500000e+001
9562522628.0275 -2.000000e+002 4.500000e+001 -4.227825e+001 -5.613385e+001 -2.000000e+002 4.500000e+001 -2.000000e+002 4.500000e+001
9587798279.675 -2.000000e+002 4.500000e+001 -4.320707e+001 -1.715626e+002 -2.000000e+002 4.500000e+001 -2.000000e+002 4.500000e+001
9613073931.3225 -2.000000e+002 4.500000e+001 -4.405534e+001 7.144835e+001 -2.000000e+002 4.500000e+001 -2.000000e+002 4.500000e+001
9638349582.97 -2.000000e+002 4.500000e+001 -4.664665e+001 -3.905066e+001 -2.000000e+002 4.500000e+001 -2.000000e+002 4.500000e+001
9663625234.6175 -2.000000e+002 4.500000e+001 -4.797559e+001 -1.462118e+002 -2.000000e+002 4.500000e+001 -2.000000e+002 4.500000e+001
9688900886.265 -2.000000e+002 4.500000e+001 -4.978978e+001 1.152581e+002 -2.000000e+002 4.500000e+001 -2.000000e+002 4.500000e+001
9714176537.9125 -2.000000e+002 4.500000e+001 -4.959669e+001 1.876939e+000 -2.000000e+002 4.500000e+001 -2.000000e+002 4.500000e+001
9739452189.56 -2.000000e+002 4.500000e+001 -5.160249e+001 -1.112907e+002 -2.000000e+002 4.500000e+001 -2.000000e+002 4.500000e+001
9764727841.2075 -2.000000e+002 4.500000e+001 -5.507751e+001 1.466928e+002 -2.000000e+002 4.500000e+001 -2.000000e+002 4.500000e+001
9790003492.855 -2.000000e+002 4.500000e+001 -5.615799e+001 5.589795e+001 -2.000000e+002 4.500000e+001 -2.000000e+002 4.500000e+001
9815279144.5025 -2.000000e+002 4.500000e+001 -5.409177e+001 -6.532798e+001 -2.000000e+002 4.500000e+001 -2.000000e+002 4.500000e+001
9840554796.15 -2.000000e+002 4.500000e+001 -5.542242e+001 -1.660381e+002 -2.000000e+002 4.500000e+001 -2.000000e+002 4.500000e+001
9865830447.7975 -2.000000e+002 4.500000e+001 -5.322205e+001 6.906258e+001 -2.000000e+002 4.500000e+001 -2.000000e+002 4.500000e+001
9891106099.445 -2.000000e+002 4.500000e+001 -5.297749e+001 -5.955574e+001 -2.000000e+002 4.500000e+001 -2.000000e+002 4.500000e+001
9916381751.0925 -2.000000e+002 4.500000e+001 -5.025346e+001 -1.735428e+002 -2.000000e+002 4.500000e+001 -2.000000e+002 4.500000e+001
9941657402.74 -2.000000e+002 4.500000e+001 -4.700636e+001 4.634906e+001 -2.000000e+002 4.500000e+001 -2.000000e+002 4.500000e+001
9966933054.3875 -2.000000e+002 4.500000e+001 -4.649295e+001 -9.092058e+001 -2.000000e+002 4.500000e+001 -2.000000e+002 4.500000e+001
9992208706.035 -2.000000e+002 4.500000e+001 -4.584267e+001 1.547284e+002 -2.000000e+002 4.500000e+001 -2.000000e+002 4.500000e+001
10017484357.683 -2.000000e+002 4.500000e+001 -4.589054e+001 4.673420e+001 -2.000000e+002 4.500000e+001 -2.000000e+002 4.500000e+001
10042760009.33 -2.000000e+002 4.500000e+001 -4.293152e+001 -6.428276e+001 -2.000000e+002 4.500000e+001 -2.000000e+002 4.500000e+001
10068035660.978 -2.000000e+002 4.500000e+001 -4.265809e+001 1.611156e+002 -2.000000e+002 4.500000e+001 -2.000000e+002 4.500000e+001
10093311312.625 -2.000000e+002 4.500000e+001 -4.465458e+001 4.076936e+001 -2.000000e+002 4.500000e+001 -2.000000e+002 4.500000e+001
10118586964.273 -2.000000e+002 4.500000e+001 -4.567299e+001 -8.269504e+001 -2.000000e+002 4.500000e+001 -2.000000e+002 4.500000e+001
10143862615.92 -2.000000e+002 4.500000e+001 -4.789639e+001 1.659283e+002 -2.000000e+002 4.500000e+001 -2.000000e+002 4.500000e+001
10169138267.568 -2.000000e+002 4.500000e+001 -4.966999e+001 5.501325e+001 -2.000000e+002 4.500000e+001 -2.000000e+002 4.500000e+001
10194413919.215 -2.000000e+002 4.500000e+001 -5.199590e+001 -4.784326e+001 -2.000000e+002 4.500000e+001 -2.000000e+002 4.500000e+001
10219689570.863 -2.000000e+002 4.500000e+001 -5.178471e+001 -1.588662e+002 -2.000000e+002 4.500000e+001 -2.000000e+002 4.500000e+001
10244965222.51 -2.000000e+002 4.500000e+001 -5.436897e+001 1.020919e+002 -2.000000e+002 4.500000e+001 -2.000000e+002 4.500000e+001
10270240874.158 -2.000000e+002 4.500000e+001 -5.221596e+001 -5.262789e+000 -2.000000e+002 4.500000e+001 -2.000000e+002 4.500000e+001
10295516525.805 -2.000000e+002 4.500000e+001 -5.230200e+001 -1.165556e+002 -2.000000e+002 4.500000e+001 -2.000000e+002 4.500000e+001
10320792177.452 -2.000000e+002 4.500000e+001 -5.375133e+001 1.198204e+002 -2.000000e+002 4.500000e+001 -2.000000e+002 4.500000e+001
10346067829.1 -2.000000e+002 4.500000e+001 -5.703296e+001 2.529032e+001 -2.000000e+002 4.500000e+001 -2.000000e+002 4.500000e+001
10371343480.747 -2.000000e+002 4.500000e+001 -5.514338e+001 -6.655148e+001 -2.000000e+002 4.500000e+001 -2.000000e+002 4.500000e+001
10396619132.395 -2.000000e+002 4.500000e+001 -5.568127e+001 -1.716126e+002 -2.000000e+002 4.500000e+001 -2.000000e+002 4.500000e+001
10421894784.043 -2.000000e+002 4.500000e+001 -5.405859e+001 9.252852e+001 -2.000000e+002 4.500000e+001 -2.000000e+002 4.500000e+001
10447170435.69 -2.000000e+002 4.500000e+001 -5.547748e+001 -2.806252e+001 -2.000000e+002 4.500000e+001 -2.000000e+002 4.500000e+001
10472446087.338 -2.000000e+002 4.500000e+001 -5.520181e+001 -1.152377e+002 -2.000000e+002 4.500000e+001 -2.000000e+002 4.500000e+001
10497721738.985 -2.000000e+002 4.500000e+001 -6.028983e+001 1.382141e+002 -2.000000e+002 4.500000e+001 -2.000000e+002 4.500000e+001
10522997390.633 -2.000000e+002 4.500000e+001 -5.729623e+001 6.445647e+001 -2.000000e+002 4.500000e+001 -2.000000e+002 4.500000e+001
10548273042.28 -2.000000e+002 4.500000e+001 -5.561482e+001 -3.153885e+001 -2.000000e+002 4.500000e+001 -2.000000e+002 4.500000e+001
10573548693.928 -2.000000e+002 4.500000e+001 -5.548574e+001 -1.309347e+002 -2.000000e+002 4.500000e+001 -2.000000e+002 4.500000e+001
10598824345.575 -2.000000e+002 4.500000e+001 -5.581443e+001 1.291473e+002 -2.000000e+002 4.500000e+001 -2.000000e+002 4.500000e+001
10624099997.223 -2.000000e+002 4.500000e+001 -5.315611e+001 4.298636e+001 -2.000000e+002 4.500000e+001 -2.000000e+002 4.500000e+001
10649375648.87 -2.000000e+002 4.500000e+001 -5.214843e+001 -6.556902e+001 -2.000000e+002 4.500000e+001 -2.000000e+002 4.500000e+001
10674651300.518 -2.000000e+002 4.500000e+001 -4.994414e+001 -1.672601e+002 -2.000000e+002 4.500000e+001 -2.000000e+002 4.500000e+001
10699926952.165 -2.000000e+002 4.500000e+001 -4.962387e+001 7.439977e+001 -2.000000e+002 4.500000e+001 -2.000000e+002 4.500000e+001
10725202603.813 -2.000000e+002 4.500000e+001 -4.900232e+001 -3.678801e+001 -2.000000e+002 4.500000e+001 -2.000000e+002 4.500000e+001
10750478255.46 -2.000000e+002 4.500000e+001 -4.931345e+001 -1.631753e+002 -2.000000e+002 4.500000e+001 -2.000000e+002 4.500000e+001
10775753907.108 -2.000000e+002 4.500000e+001 -5.334851e+001 7.864419e+001 -2.000000e+002 4.500000e+001 -2.000000e+002 4.500000e+001
10801029558.755 -2.000000e+002 4.500000e+001 -5.743899e+001 -3.094869e+001 -2.000000e+002 4.500000e+001 -2.000000e+002 4.500000e+001
10826305210.403 -2.000000e+002 4.500000e+001 -6.450639e+001 -8.176474e+001 -2.000000e+002 4.500000e+001 -2.000000e+002 4.500000e+001
10851580862.05 -2.000000e+002 4.500000e+001 -5.645184e+001 -1.621342e+002 -2.000000e+002 4.500000e+001 -2.000000e+002 4.500000e+001
10876856513.698 -2.000000e+002 4.500000e+001 -5.481339e+001 8.286047e+001 -2.000000e+002 4.500000e+001 -2.000000e+002 4.500000e+001
10902132165.345 -2.000000e+002 4.500000e+001 -5.703519e+001 -3.521404e+001 -2.000000e+002 4.500000e+001 -2.000000e+002 4.500000e+001
10927407816.993 -2.000000e+002 4.500000e+001 -5.773294e+001 -1.107222e+002 -2.000000e+002 4.500000e+001 -2.000000e+002 4.500000e+001
10952683468.64 -2.000000e+002 4.500000e+001 -5.512442e+001 1.585746e+002 -2.000000e+002 4.500000e+001 -2.000000e+002 4.500000e+001
10977959120.288 -2.000000e+002 4.500000e+001 -5.269055e+001 5.479384e+001 -2.000000e+002 4.500000e+001 -2.000000e+002 4.500000e+001
11003234771.935 -2.000000e+002 4.500000e+001 -5.114269e+001 -4.269818e+001 -2.000000e+002 4.500000e+001 -2.000000e+002 4.500000e+001
11028510423.583 -2.000000e+002 4.500000e+001 -4.710983e+001 -1.545574e+002 -2.000000e+002 4.500000e+001 -2.000000e+002 4.500000e+001
11053786075.23 -2.000000e+002 4.500000e+001 -4.687727e+001 8.739430e+001 -2.000000e+002 4.500000e+001 -2.000000e+002 4.500000e+001
11079061726.878 -2.000000e+002 4.500000e+001 -4.647754e+001 -1.938035e+001 -2.000000e+002 4.500000e+001 -2.000000e+002 4.500000e+001
11104337378.525 -2.000000e+002 4.500000e+001 -4.433171e+001 -1.330455e+002 -2.000000e+002 4.500000e+001 -2.000000e+002 4.500000e+001
11129613030.173 -2.000000e+002 4.500000e+001 -4.499189e+001 1.101611e+002 -2.000000e+002 4.500000e+001 -2.000000e+002 4.500000e+001
11154888681.82 -2.000000e+002 4.500000e+001 -4.465726e+001 3.061144e+000 -2.000000e+002 4.500000e+001 -2.000000e+002 4.500000e+001
11180164333.468 -2.000000e+002 4.500000e+001 -4.388462e+001 -1.085196e+002 -2.000000e+002 4.500000e+001 -2.000000e+002 4.500000e+001
11205439985.115 -2.000000e+002 4.500000e+001 -4.431125e+001 1.350067e+002 -2.000000e+002 4.500000e+001 -2.000000e+002 4.500000e+001
11230715636.763 -2.000000e+002 4.500000e+001 -4.472524e+001 3.387716e+001 -2.000000e+002 4.500000e+001 -2.000000e+002 4.500000e+001
11255991288.41 -2.000000e+002 4.500000e+001 -4.410909e+001 -7.266175e+001 -2.000000e+002 4.500000e+001 -2.000000e+002 4.500000e+001
11281266940.058 -2.000000e+002 4.500000e+001 -4.308019e+001 1.745628e+002 -2.000000e+002 4.500000e+001 -2.000000e+002 4.500000e+001
11306542591.705 -2.000000e+002 4.500000e+001 -4.376704e+001 5.854813e+001 -2.000000e+002 4.500000e+001 -2.000000e+002 4.500000e+001
11331818243.353 -2.000000e+002 4.500000e+001 -4.488722e+001 -4.813611e+001 -2.000000e+002 4.500000e+001 -2.000000e+002 4.500000e+001
11357093895 -2.000000e+002 4.500000e+001 -4.428900e+001 -1.473722e+002 -2.000000e+002 4.500000e+001 -2.000000e+002 4.500000e+001
