
1246833236 -2.000000e+002 4.500000e+001 -3.184321e+001 7.342371e+000 -2.000000e+002 4.500000e+001 -2.000000e+002 4.500000e+001
1272108887.6475 -2.000000e+002 4.500000e+001 -3.073581e+001 -1.175018e+002 -2.000000e+002 4.500000e+001 -2.000000e+002 4.500000e+001
1297384539.295 -2.000000e+002 4.500000e+001 -2.838439e+001 1.308573e+002 -2.000000e+002 4.500000e+001 -2.000000e+002 4.500000e+001
1322660190.9425 -2.000000e+002 4.500000e+001 -3.270892e+001 9.166087e+000 -2.000000e+002 4.500000e+001 -2.000000e+002 4.500000e+001
1347935842.59 -2.000000e+002 4.500000e+001 -2.935190e+001 -4.910463e+001 -2.000000e+002 4.500000e+001 -2.000000e+002 4.500000e+001
1373211494.2375 -2.000000e+002 4.500000e+001 -2.659399e+001 -1.660247e+002 -2.000000e+002 4.500000e+001 -2.000000e+002 4.500000e+001
1398487145.885 -2.000000e+002 4.500000e+001 -2.425478e+001 7.410222e+001 -2.000000e+002 4.500000e+001 -2.000000e+002 4.500000e+001
1423762797.5325 -2.000000e+002 4.500000e+001 -2.257922e+001 -3.051145e+001 -2.000000e+002 4.500000e+001 -2.000000e+002 4.500000e+001
1449038449.18 -2.000000e+002 4.500000e+001 -2.195988e+001 -1.534205e+002 -2.000000e+002 4.500000e+001 -2.000000e+002 4.500000e+001
1474314100.8275 -2.000000e+002 4.500000e+001 -2.168863e+001 9.015106e+001 -2.000000e+002 4.500000e+001 -2.000000e+002 4.500000e+001
1499589752.475 -2.000000e+002 4.500000e+001 -2.223782e+001 -1.972817e+001 -2.000000e+002 4.500000e+001 -2.000000e+002 4.500000e+001
1524865404.1225 -2.000000e+002 4.500000e+001 -2.247657e+001 -1.353323e+002 -2.000000e+002 4.500000e+001 -2.000000e+002 4.500000e+001
1550141055.77 -2.000000e+002 4.500000e+001 -2.231562e+001 1.118927e+002 -2.000000e+002 4.500000e+001 -2.000000e+002 4.500000e+001
1575416707.4175 -2.000000e+002 4.500000e+001 -2.258114e+001 -5.741902e+000 -2.000000e+002 4.500000e+001 -2.000000e+002 4.500000e+001
1600692359.065 -2.000000e+002 4.500000e+001 -2.384808e+001 -1.209684e+002 -2.000000e+002 4.500000e+001 -2.000000e+002 4.500000e+001
1625968010.7125 -2.000000e+002 4.500000e+001 -2.485838e+001 1.346709e+002 -2.000000e+002 4.500000e+001 -2.000000e+002 4.500000e+001
1651243662.36 -2.000000e+002 4.500000e+001 -2.392957e+001 1.811409e+001 -2.000000e+002 4.500000e+001 -2.000000e+002 4.500000e+001
1676519314.0075 -2.000000e+002 4.500000e+001 -2.626891e+001 -1.003955e+002 -2.000000e+002 4.500000e+001 -2.000000e+002 4.500000e+001
1701794965.655 -2.000000e+002 4.500000e+001 -2.926175e+001 1.560598e+002 -2.000000e+002 4.500000e+001 -2.000000e+002 4.500000e+001
1727070617.3025 -2.000000e+002 4.500000e+001 -3.107891e+001 5.646199e+001 -2.000000e+002 4.500000e+001 -2.000000e+002 4.500000e+001
1752346268.95 -2.000000e+002 4.500000e+001 -3.225790e+001 -3.556175e+001 -2.000000e+002 4.500000e+001 -2.000000e+002 4.500000e+001
1777621920.5975 -2.000000e+002 4.500000e+001 -3.058174e+001 -1.269511e+002 -2.000000e+002 4.500000e+001 -2.000000e+002 4.500000e+001
1802897572.245 -2.000000e+002 4.500000e+001 -2.858157e+001 1.251353e+002 -2.000000e+002 4.500000e+001 -2.000000e+002 4.500000e+001
1828173223.8925 -2.000000e+002 4.500000e+001 -2.803015e+001 1.194274e+001 -2.000000e+002 4.500000e+001 -2.000000e+002 4.500000e+001
1853448875.54 -2.000000e+002 4.500000e+001 -2.780931e+001 -1.020955e+002 -2.000000e+002 4.500000e+001 -2.000000e+002 4.500000e+001
1878724527.1875 -2.000000e+002 4.500000e+001 -2.774864e+001 1.396557e+002 -2.000000e+002 4.500000e+001 -2.000000e+002 4.500000e+001
1904000178.835 -2.000000e+002 4.500000e+001 -2.861749e+001 2.738827e+001 -2.000000e+002 4.500000e+001 -2.000000e+002 4.500000e+001
1929275830.4825 -2.000000e+002 4.500000e+001 -2.965235e+001 -9.557220e+001 -2.000000e+002 4.500000e+001 -2.000000e+002 4.500000e+001
1954551482.13 -2.000000e+002 4.500000e+001 -3.111803e+001 1.383847e+002 -2.000000e+002 4.500000e+001 -2.000000e+002 4.500000e+001
1979827133.7775 -2.000000e+002 4.500000e+001 -3.896505e+001 -8.502232e-001 -2.000000e+002 4.500000e+001 -2.000000e+002 4.500000e+001
2005102785.425 -2.000000e+002 4.500000e+001 -5.460496e+001 -1.313502e+002 -2.000000e+002 4.500000e+001 -2.000000e+002 4.500000e+001
2030378437.0725 -2.000000e+002 4.500000e+001 -4.975515e+001 -1.056154e+002 -2.000000e+002 4.500000e+001 -2.000000e+002 4.500000e+001
2055654088.72 -2.000000e+002 4.500000e+001 -5.721668e+001 -8.599191e+001 -2.000000e+002 4.500000e+001 -2.000000e+002 4.500000e+001
2080929740.3675 -2.000000e+002 4.500000e+001 -4.457214e+001 1.647681e+002 -2.000000e+002 4.500000e+001 -2.000000e+002 4.500000e+001
2106205392.015 -2.000000e+002 4.500000e+001 -3.983638e+001 4.692512e+001 -2.000000e+002 4.500000e+001 -2.000000e+002 4.500000e+001
2131481043.6625 -2.000000e+002 4.500000e+001 -3.717155e+001 -5.682881e+001 -2.000000e+002 4.500000e+001 -2.000000e+002 4.500000e+001
2156756695.31 -2.000000e+002 4.500000e+001 -3.763265e+001 -1.732243e+002 -2.000000e+002 4.500000e+001 -2.000000e+002 4.500000e+001
2182032346.9575 -2.000000e+002 4.500000e+001 -3.449710e+001 8.899091e+001 -2.000000e+002 4.500000e+001 -2.000000e+002 4.500000e+001
2207307998.605 -2.000000e+002 4.500000e+001 -3.401613e+001 -3.347348e+001 -2.000000e+002 4.500000e+001 -2.000000e+002 4.500000e+001
2232583650.2525 -2.000000e+002 4.500000e+001 -3.430083e+001 -1.351100e+002 -2.000000e+002 4.500000e+001 -2.000000e+002 4.500000e+001
2257859301.9 -2.000000e+002 4.500000e+001 -3.280613e+001 1.142445e+002 -2.000000e+002 4.500000e+001 -2.000000e+002 4.500000e+001
2283134953.5475 -2.000000e+002 4.500000e+001 -3.348757e+001 9.149632e-001 -2.000000e+002 4.500000e+001 -2.000000e+002 4.500000e+001
2308410605.195 -2.000000e+002 4.500000e+001 -3.448341e+001 -1.000511e+002 -2.000000e+002 4.500000e+001 -2.000000e+002 4.500000e+001
2333686256.8425 -2.000000e+002 4.500000e+001 -3.192256e+001 1.533803e+002 -2.000000e+002 4.500000e+001 -2.000000e+002 4.500000e+001
2358961908.49 -2.000000e+002 4.500000e+001 -3.091588e+001 3.265928e+001 -2.000000e+002 4.500000e+001 -2.000000e+002 4.500000e+001
2384237560.1375 -2.000000e+002 4.500000e+001 -3.142224e+001 -9.424705e+001 -2.000000e+002 4.500000e+001 -2.000000e+002 4.500000e+001
2409513211.785 -2.000000e+002 4.500000e+001 -3.265845e+001 1.478849e+002 -2.000000e+002 4.500000e+001 -2.000000e+002 4.500000e+001
2434788863.4325 -2.000000e+002 4.500000e+001 -3.657672e+001 3.455701e+001 -2.000000e+002 4.500000e+001 -2.000000e+002 4.500000e+001
2460064515.08 -2.000000e+002 4.500000e+001 -3.612098e+001 -5.866583e+001 -2.000000e+002 4.500000e+001 -2.000000e+002 4.500000e+001
2485340166.7275 -2.000000e+002 4.500000e+001 -3.607855e+001 1.765274e+002 -2.000000e+002 4.500000e+001 -2.000000e+002 4.500000e+001
2510615818.375 -2.000000e+002 4.500000e+001 -3.833308e+001 3.355496e+001 -2.000000e+002 4.500000e+001 -2.000000e+002 4.500000e+001
2535891470.0225 -2.000000e+002 4.500000e+001 -4.036811e+001 -9.866310e+001 -2.000000e+002 4.500000e+001 -2.000000e+002 4.500000e+001
2561167121.67 -2.000000e+002 4.500000e+001 -4.614180e+001 1.075929e+002 -2.000000e+002 4.500000e+001 -2.000000e+002 4.500000e+001
2586442773.3175 -2.000000e+002 4.500000e+001 -4.282393e+001 -4.521311e+001 -2.000000e+002 4.500000e+001 -2.000000e+002 4.500000e+001
2611718424.965 -2.000000e+002 4.500000e+001 -4.125140e+001 -1.733155e+002 -2.000000e+002 4.500000e+001 -2.000000e+002 4.500000e+001
2636994076.6125 -2.000000e+002 4.500000e+001 -3.991003e+001 6.829568e+001 -2.000000e+002 4.500000e+001 -2.000000e+002 4.500000e+001
2662269728.26 -2.000000e+002 4.500000e+001 -3.598494e+001 -3.226879e+001 -2.000000e+002 4.500000e+001 -2.000000e+002 4.500000e+001
2687545379.9075 -2.000000e+002 4.500000e+001 -3.189304e+001 -1.587667e+002 -2.000000e+002 4.500000e+001 -2.000000e+002 4.500000e+001
2712821031.555 -2.000000e+002 4.500000e+001 -2.953514e+001 7.001793e+001 -2.000000e+002 4.500000e+001 -2.000000e+002 4.500000e+001
2738096683.2025 -2.000000e+002 4.500000e+001 -2.980945e+001 -6.226397e+001 -2.000000e+002 4.500000e+001 -2.000000e+002 4.500000e+001
2763372334.85 -2.000000e+002 4.500000e+001 -3.203302e+001 1.782617e+002 -2.000000e+002 4.500000e+001 -2.000000e+002 4.500000e+001
2788647986.4975 -2.000000e+002 4.500000e+001 -3.401525e+001 8.247478e+001 -2.000000e+002 4.500000e+001 -2.000000e+002 4.500000e+001
2813923638.145 -2.000000e+002 4.500000e+001 -3.274461e+001 -1.928365e+001 -2.000000e+002 4.500000e+001 -2.000000e+002 4.500000e+001
2839199289.7925 -2.000000e+002 4.500000e+001 -3.330204e+001 -1.211794e+002 -2.000000e+002 4.500000e+001 -2.000000e+002 4.500000e+001
2864474941.44 -2.000000e+002 4.500000e+001 -3.149999e+001 1.314395e+002 -2.000000e+002 4.500000e+001 -2.000000e+002 4.500000e+001
2889750593.0875 -2.000000e+002 4.500000e+001 -3.016042e+001 1.869192e+001 -2.000000e+002 4.500000e+001 -2.000000e+002 4.500000e+001
2915026244.735 -2.000000e+002 4.500000e+001 -2.988687e+001 -1.010210e+002 -2.000000e+002 4.500000e+001 -2.000000e+002 4.500000e+001
2940301896.3825 -2.000000e+002 4.500000e+001 -3.111347e+001 1.405713e+002 -2.000000e+002 4.500000e+001 -2.000000e+002 4.500000e+001
2965577548.03 -2.000000e+002 4.500000e+001 -3.327084e+001 3.631958e+001 -2.000000e+002 4.500000e+001 -2.000000e+002 4.500000e+001
2990853199.6775 -2.000000e+002 4.500000e+001 -3.308220e+001 -6.654916e+001 -2.000000e+002 4.500000e+001 -2.000000e+002 4.500000e+001
3016128851.325 -2.000000e+002 4.500000e+001 -3.326263e+001 -1.787120e+002 -2.000000e+002 4.500000e+001 -2.000000e+002 4.500000e+001
3041404502.9725 -2.000000e+002 4.500000e+001 -3.412750e+001 6.517410e+001 -2.000000e+002 4.500000e+001 -2.000000e+002 4.500000e+001
3066680154.62 -2.000000e+002 4.500000e+001 -3.692082e+001 -2.789472e+001 -2.000000e+002 4.500000e+001 -2.000000e+002 4.500000e+001
3091955806.2675 -2.000000e+002 4.500000e+001 -3.686775e+001 -1.423179e+002 -2.000000e+002 4.500000e+001 -2.000000e+002 4.500000e+001
3117231457.915 -2.000000e+002 4.500000e+001 -3.623984e+001 1.118234e+002 -2.000000e+002 4.500000e+001 -2.000000e+002 4.500000e+001
3142507109.5625 -2.000000e+002 4.500000e+001 -3.750758e+001 -9.372632e+000 -2.000000e+002 4.500000e+001 -2.000000e+002 4.500000e+001
3167782761.21 -2.000000e+002 4.500000e+001 -3.844821e+001 -1.239284e+002 -2.000000e+002 4.500000e+001 -2.000000e+002 4.500000e+001
3193058412.8575 -2.000000e+002 4.500000e+001 -4.080304e+001 1.071606e+002 -2.000000e+002 4.500000e+001 -2.000000e+002 4.500000e+001
3218334064.505 -2.000000e+002 4.500000e+001 -4.601318e+001 -7.012706e+000 -2.000000e+002 4.500000e+001 -2.000000e+002 4.500000e+001
3243609716.1525 -2.000000e+002 4.500000e+001 -5.270327e+001 -5.416489e+001 -2.000000e+002 4.500000e+001 -2.000000e+002 4.500000e+001
3268885367.8 -2.000000e+002 4.500000e+001 -4.708833e+001 -1.753330e+002 -2.000000e+002 4.500000e+001 -2.000000e+002 4.500000e+001
3294161019.4475 -2.000000e+002 4.500000e+001 -4.780008e+001 4.528653e+001 -2.000000e+002 4.500000e+001 -2.000000e+002 4.500000e+001
3319436671.095 -2.000000e+002 4.500000e+001 -4.864771e+001 -1.395036e+002 -2.000000e+002 4.500000e+001 -2.000000e+002 4.500000e+001
3344712322.7425 -2.000000e+002 4.500000e+001 -4.885973e+001 4.985590e+001 -2.000000e+002 4.500000e+001 -2.000000e+002 4.500000e+001
3369987974.39 -2.000000e+002 4.500000e+001 -4.606077e+001 -7.975349e+001 -2.000000e+002 4.500000e+001 -2.000000e+002 4.500000e+001
3395263626.0375 -2.000000e+002 4.500000e+001 -4.387819e+001 1.460418e+002 -2.000000e+002 4.500000e+001 -2.000000e+002 4.500000e+001
3420539277.685 -2.000000e+002 4.500000e+001 -4.439312e+001 1.668351e+000 -2.000000e+002 4.500000e+001 -2.000000e+002 4.500000e+001
3445814929.3325 -2.000000e+002 4.500000e+001 -4.804412e+001 -1.459331e+002 -2.000000e+002 4.500000e+001 -2.000000e+002 4.500000e+001
3471090580.98 -2.000000e+002 4.500000e+001 -5.350844e+001 -1.554392e+001 -2.000000e+002 4.500000e+001 -2.000000e+002 4.500000e+001
3496366232.6275 -2.000000e+002 4.500000e+001 -4.840015e+001 1.622290e+002 -2.000000e+002 4.500000e+001 -2.000000e+002 4.500000e+001
3521641884.275 -2.000000e+002 4.500000e+001 -4.531218e+001 1.466033e+001 -2.000000e+002 4.500000e+001 -2.000000e+002 4.500000e+001
3546917535.9225 -2.000000e+002 4.500000e+001 -4.404472e+001 -8.842219e+001 -2.000000e+002 4.500000e+001 -2.000000e+002 4.500000e+001
3572193187.57 -2.000000e+002 4.500000e+001 -4.346793e+001 1.488861e+002 -2.000000e+002 4.500000e+001 -2.000000e+002 4.500000e+001
3597468839.2175 -2.000000e+002 4.500000e+001 -4.077885e+001 4.693165e+001 -2.000000e+002 4.500000e+001 -2.000000e+002 4.500000e+001
3622744490.865 -2.000000e+002 4.500000e+001 -3.909536e+001 -6.418030e+001 -2.000000e+002 4.500000e+001 -2.000000e+002 4.500000e+001
3648020142.5125 -2.000000e+002 4.500000e+001 -3.749619e+001 1.787972e+002 -2.000000e+002 4.500000e+001 -2.000000e+002 4.500000e+001
3673295794.16 -2.000000e+002 4.500000e+001 -3.793302e+001 6.497486e+001 -2.000000e+002 4.500000e+001 -2.000000e+002 4.500000e+001
3698571445.8075 -2.000000e+002 4.500000e+001 -3.775873e+001 -3.104198e+001 -2.000000e+002 4.500000e+001 -2.000000e+002 4.500000e+001
3723847097.455 -2.000000e+002 4.500000e+001 -3.747116e+001 -1.222412e+002 -2.000000e+002 4.500000e+001 -2.000000e+002 4.500000e+001
3749122749.1025 -2.000000e+002 4.500000e+001 -3.482958e+001 1.335739e+002 -2.000000e+002 4.500000e+001 -2.000000e+002 4.500000e+001
3774398400.75 -2.000000e+002 4.500000e+001 -3.221626e+001 2.632493e+001 -2.000000e+002 4.500000e+001 -2.000000e+002 4.500000e+001
3799674052.3975 -2.000000e+002 4.500000e+001 -2.976813e+001 -8.551255e+001 -2.000000e+002 4.500000e+001 -2.000000e+002 4.500000e+001
3824949704.045 -2.000000e+002 4.500000e+001 -2.853163e+001 1.596133e+002 -2.000000e+002 4.500000e+001 -2.000000e+002 4.500000e+001
3850225355.6925 -2.000000e+002 4.500000e+001 -2.883361e+001 3.987024e+001 -2.000000e+002 4.500000e+001 -2.000000e+002 4.500000e+001
3875501007.34 -2.000000e+002 4.500000e+001 -2.921923e+001 -7.488570e+001 -2.000000e+002 4.500000e+001 -2.000000e+002 4.500000e+001
3900776658.9875 -2.000000e+002 4.500000e+001 -2.923299e+001 1.714346e+002 -2.000000e+002 4.500000e+001 -2.000000e+002 4.500000e+001
3926052310.635 -2.000000e+002 4.500000e+001 -2.900770e+001 4.915104e+001 -2.000000e+002 4.500000e+001 -2.000000e+002 4.500000e+001
3951327962.2825 -2.000000e+002 4.500000e+001 -3.123739e+001 -6.541055e+001 -2.000000e+002 4.500000e+001 -2.000000e+002 4.500000e+001
3976603613.93 -2.000000e+002 4.500000e+001 -3.187707e+001 -1.709936e+002 -2.000000e+002 4.500000e+001 -2.000000e+002 4.500000e+001
4001879265.5775 -2.000000e+002 4.500000e+001 -3.242246e+001 7.916329e+001 -2.000000e+002 4.500000e+001 -2.000000e+002 4.500000e+001
4027154917.225 -2.000000e+002 4.500000e+001 -3.289278e+001 -3.068738e+001 -2.000000e+002 4.500000e+001 -2.000000e+002 4.500000e+001
4052430568.8725 -2.000000e+002 4.500000e+001 -3.254759e+001 -1.450943e+002 -2.000000e+002 4.500000e+001 -2.000000e+002 4.500000e+001
4077706220.52 -2.000000e+002 4.500000e+001 -3.346052e+001 9.431268e+001 -2.000000e+002 4.500000e+001 -2.000000e+002 4.500000e+001
4102981872.1675 -2.000000e+002 4.500000e+001 -3.471142e+001 -1.883904e+001 -2.000000e+002 4.500000e+001 -2.000000e+002 4.500000e+001
4128257523.815 -2.000000e+002 4.500000e+001 -3.587947e+001 -1.385344e+002 -2.000000e+002 4.500000e+001 -2.000000e+002 4.500000e+001
4153533175.4625 -2.000000e+002 4.500000e+001 -3.715693e+001 1.073469e+002 -2.000000e+002 4.500000e+001 -2.000000e+002 4.500000e+001
4178808827.11 -2.000000e+002 4.500000e+001 -3.968048e+001 -6.598742e+000 -2.000000e+002 4.500000e+001 -2.000000e+002 4.500000e+001
4204084478.7575 -2.000000e+002 4.500000e+001 -4.160522e+001 -1.085387e+002 -2.000000e+002 4.500000e+001 -2.000000e+002 4.500000e+001
4229360130.405 -2.000000e+002 4.500000e+001 -4.067113e+001 1.416730e+002 -2.000000e+002 4.500000e+001 -2.000000e+002 4.500000e+001
4254635782.0525 -2.000000e+002 4.500000e+001 -3.977315e+001 2.861912e+001 -2.000000e+002 4.500000e+001 -2.000000e+002 4.500000e+001
4279911433.7 -2.000000e+002 4.500000e+001 -4.101480e+001 -1.003331e+002 -2.000000e+002 4.500000e+001 -2.000000e+002 4.500000e+001
4305187085.3475 -2.000000e+002 4.500000e+001 -4.337669e+001 1.440918e+002 -2.000000e+002 4.500000e+001 -2.000000e+002 4.500000e+001
4330462736.995 -2.000000e+002 4.500000e+001 -4.389211e+001 3.533772e+001 -2.000000e+002 4.500000e+001 -2.000000e+002 4.500000e+001
4355738388.6425 -2.000000e+002 4.500000e+001 -4.563799e+001 -7.272993e+001 -2.000000e+002 4.500000e+001 -2.000000e+002 4.500000e+001
4381014040.29 -2.000000e+002 4.500000e+001 -4.634652e+001 1.669859e+002 -2.000000e+002 4.500000e+001 -2.000000e+002 4.500000e+001
4406289691.9375 -2.000000e+002 4.500000e+001 -4.676210e+001 5.000963e+001 -2.000000e+002 4.500000e+001 -2.000000e+002 4.500000e+001
4431565343.585 -2.000000e+002 4.500000e+001 -5.065424e+001 -6.932964e+001 -2.000000e+002 4.500000e+001 -2.000000e+002 4.500000e+001
4456840995.2325 -2.000000e+002 4.500000e+001 -4.772129e+001 -1.454081e+002 -2.000000e+002 4.500000e+001 -2.000000e+002 4.500000e+001
4482116646.88 -2.000000e+002 4.500000e+001 -4.448344e+001 8.476672e+001 -2.000000e+002 4.500000e+001 -2.000000e+002 4.500000e+001
4507392298.5275 -2.000000e+002 4.500000e+001 -4.251493e+001 -3.724957e+001 -2.000000e+002 4.500000e+001 -2.000000e+002 4.500000e+001
4532667950.175 -2.000000e+002 4.500000e+001 -4.180819e+001 -1.520676e+002 -2.000000e+002 4.500000e+001 -2.000000e+002 4.500000e+001
4557943601.8225 -2.000000e+002 4.500000e+001 -4.200901e+001 8.580441e+001 -2.000000e+002 4.500000e+001 -2.000000e+002 4.500000e+001
4583219253.47 -2.000000e+002 4.500000e+001 -4.196592e+001 -2.729805e+001 -2.000000e+002 4.500000e+001 -2.000000e+002 4.500000e+001
4608494905.1175 -2.000000e+002 4.500000e+001 -4.039320e+001 -1.412767e+002 -2.000000e+002 4.500000e+001 -2.000000e+002 4.500000e+001
4633770556.765 -2.000000e+002 4.500000e+001 -4.117678e+001 8.995683e+001 -2.000000e+002 4.500000e+001 -2.000000e+002 4.500000e+001
4659046208.4125 -2.000000e+002 4.500000e+001 -4.430416e+001 -2.769788e+001 -2.000000e+002 4.500000e+001 -2.000000e+002 4.500000e+001
4684321860.06 -2.000000e+002 4.500000e+001 -4.843387e+001 -1.373155e+002 -2.000000e+002 4.500000e+001 -2.000000e+002 4.500000e+001
4709597511.7075 -2.000000e+002 4.500000e+001 -5.090110e+001 1.657959e+002 -2.000000e+002 4.500000e+001 -2.000000e+002 4.500000e+001
4734873163.355 -2.000000e+002 4.500000e+001 -4.567385e+001 7.007304e+001 -2.000000e+002 4.500000e+001 -2.000000e+002 4.500000e+001
4760148815.0025 -2.000000e+002 4.500000e+001 -4.328947e+001 -5.265807e+001 -2.000000e+002 4.500000e+001 -2.000000e+002 4.500000e+001
4785424466.65 -2.000000e+002 4.500000e+001 -4.341782e+001 -1.706576e+002 -2.000000e+002 4.500000e+001 -2.000000e+002 4.500000e+001
4810700118.2975 -2.000000e+002 4.500000e+001 -4.270310e+001 6.814822e+001 -2.000000e+002 4.500000e+001 -2.000000e+002 4.500000e+001
4835975769.945 -2.000000e+002 4.500000e+001 -4.331611e+001 -6.311454e+001 -2.000000e+002 4.500000e+001 -2.000000e+002 4.500000e+001
4861251421.5925 -2.000000e+002 4.500000e+001 -4.410154e+001 1.615316e+002 -2.000000e+002 4.500000e+001 -2.000000e+002 4.500000e+001
4886527073.24 -2.000000e+002 4.500000e+001 -4.711472e+001 3.987071e+001 -2.000000e+002 4.500000e+001 -2.000000e+002 4.500000e+001
4911802724.8875 -2.000000e+002 4.500000e+001 -4.647239e+001 -1.052733e+002 -2.000000e+002 4.500000e+001 -2.000000e+002 4.500000e+001
4937078376.535 -2.000000e+002 4.500000e+001 -4.731421e+001 1.103707e+002 -2.000000e+002 4.500000e+001 -2.000000e+002 4.500000e+001
4962354028.1825 -2.000000e+002 4.500000e+001 -4.767126e+001 -2.597175e+001 -2.000000e+002 4.500000e+001 -2.000000e+002 4.500000e+001
4987629679.83 -2.000000e+002 4.500000e+001 -4.498719e+001 -1.495735e+002 -2.000000e+002 4.500000e+001 -2.000000e+002 4.500000e+001
5012905331.4775 -2.000000e+002 4.500000e+001 -4.697992e+001 9.845551e+001 -2.000000e+002 4.500000e+001 -2.000000e+002 4.500000e+001
5038180983.125 -2.000000e+002 4.500000e+001 -4.610922e+001 -2.928761e+001 -2.000000e+002 4.500000e+001 -2.000000e+002 4.500000e+001
5063456634.7725 -2.000000e+002 4.500000e+001 -4.952471e+001 -1.340291e+002 -2.000000e+002 4.500000e+001 -2.000000e+002 4.500000e+001
5088732286.42 -2.000000e+002 4.500000e+001 -5.064507e+001 1.351996e+002 -2.000000e+002 4.500000e+001 -2.000000e+002 4.500000e+001
5114007938.0675 -2.000000e+002 4.500000e+001 -4.784385e+001 6.290168e+001 -2.000000e+002 4.500000e+001 -2.000000e+002 4.500000e+001
5139283589.715 -2.000000e+002 4.500000e+001 -4.658725e+001 -4.029065e+001 -2.000000e+002 4.500000e+001 -2.000000e+002 4.500000e+001
5164559241.3625 -2.000000e+002 4.500000e+001 -4.344900e+001 -1.435566e+002 -2.000000e+002 4.500000e+001 -2.000000e+002 4.500000e+001
5189834893.01 -2.000000e+002 4.500000e+001 -4.163329e+001 1.162647e+002 -2.000000e+002 4.500000e+001 -2.000000e+002 4.500000e+001
5215110544.6575 -2.000000e+002 4.500000e+001 -3.870201e+001 4.380293e+000 -2.000000e+002 4.500000e+001 -2.000000e+002 4.500000e+001
5240386196.305 -2.000000e+002 4.500000e+001 -3.692157e+001 -1.194196e+002 -2.000000e+002 4.500000e+001 -2.000000e+002 4.500000e+001
5265661847.9525 -2.000000e+002 4.500000e+001 -3.669222e+001 1.242432e+002 -2.000000e+002 4.500000e+001 -2.000000e+002 4.500000e+001
5290937499.6 -2.000000e+002 4.500000e+001 -3.691352e+001 5.171583e+000 -2.000000e+002 4.500000e+001 -2.000000e+002 4.500000e+001
5316213151.2475 -2.000000e+002 4.500000e+001 -3.698155e+001 -1.075025e+002 -2.000000e+002 4.500000e+001 -2.000000e+002 4.500000e+001
5341488802.895 -2.000000e+002 4.500000e+001 -3.860488e+001 1.398490e+002 -2.000000e+002 4.500000e+001 -2.000000e+002 4.500000e+001
5366764454.5425 -2.000000e+002 4.500000e+001 -3.941338e+001 2.971424e+001 -2.000000e+002 4.500000e+001 -2.000000e+002 4.500000e+001
5392040106.19 -2.000000e+002 4.500000e+001 -4.057012e+001 -7.233479e+001 -2.000000e+002 4.500000e+001 -2.000000e+002 4.500000e+001
5417315757.8375 -2.000000e+002 4.500000e+001 -4.035234e+001 -1.702250e+002 -2.000000e+002 4.500000e+001 -2.000000e+002 4.500000e+001
5442591409.485 -2.000000e+002 4.500000e+001 -3.965243e+001 8.520523e+001 -2.000000e+002 4.500000e+001 -2.000000e+002 4.500000e+001
5467867061.1325 -2.000000e+002 4.500000e+001 -3.993924e+001 -2.506082e+001 -2.000000e+002 4.500000e+001 -2.000000e+002 4.500000e+001
5493142712.78 -2.000000e+002 4.500000e+001 -4.056906e+001 -1.207788e+002 -2.000000e+002 4.500000e+001 -2.000000e+002 4.500000e+001
5518418364.4275 -2.000000e+002 4.500000e+001 -4.089154e+001 1.441289e+002 -2.000000e+002 4.500000e+001 -2.000000e+002 4.500000e+001
5543694016.075 -2.000000e+002 4.500000e+001 -3.829805e+001 5.264996e+001 -2.000000e+002 4.500000e+001 -2.000000e+002 4.500000e+001
5568969667.7225 -2.000000e+002 4.500000e+001 -3.648713e+001 -5.869915e+001 -2.000000e+002 4.500000e+001 -2.000000e+002 4.500000e+001
5594245319.37 -2.000000e+002 4.500000e+001 -3.573380e+001 -1.691564e+002 -2.000000e+002 4.500000e+001 -2.000000e+002 4.500000e+001
5619520971.0175 -2.000000e+002 4.500000e+001 -3.587767e+001 8.448167e+001 -2.000000e+002 4.500000e+001 -2.000000e+002 4.500000e+001
5644796622.665 -2.000000e+002 4.500000e+001 -3.564658e+001 -2.211853e+001 -2.000000e+002 4.500000e+001 -2.000000e+002 4.500000e+001
5670072274.3125 -2.000000e+002 4.500000e+001 -3.511588e+001 -1.290233e+002 -2.000000e+002 4.500000e+001 -2.000000e+002 4.500000e+001
5695347925.96 -2.000000e+002 4.500000e+001 -3.459681e+001 1.175431e+002 -2.000000e+002 4.500000e+001 -2.000000e+002 4.500000e+001
5720623577.6075 -2.000000e+002 4.500000e+001 -3.467498e+001 6.520332e+000 -2.000000e+002 4.500000e+001 -2.000000e+002 4.500000e+001
5745899229.255 -2.000000e+002 4.500000e+001 -3.659489e+001 -1.106921e+002 -2.000000e+002 4.500000e+001 -2.000000e+002 4.500000e+001
5771174880.9025 -2.000000e+002 4.500000e+001 -3.816761e+001 1.459014e+002 -2.000000e+002 4.500000e+001 -2.000000e+002 4.500000e+001
5796450532.55 -2.000000e+002 4.500000e+001 -3.845207e+001 4.286779e+001 -2.000000e+002 4.500000e+001 -2.000000e+002 4.500000e+001
5821726184.1975 -2.000000e+002 4.500000e+001 -3.915070e+001 -7.110685e+001 -2.000000e+002 4.500000e+001 -2.000000e+002 4.500000e+001
5847001835.845 -2.000000e+002 4.500000e+001 -4.084877e+001 1.721814e+002 -2.000000e+002 4.500000e+001 -2.000000e+002 4.500000e+001
5872277487.4925 -2.000000e+002 4.500000e+001 -4.572497e+001 5.554450e+001 -2.000000e+002 4.500000e+001 -2.000000e+002 4.500000e+001
5897553139.14 -2.000000e+002 4.500000e+001 -5.372990e+001 -9.681418e+000 -2.000000e+002 4.500000e+001 -2.000000e+002 4.500000e+001
5922828790.7875 -2.000000e+002 4.500000e+001 -4.872836e+001 -7.262449e+001 -2.000000e+002 4.500000e+001 -2.000000e+002 4.500000e+001
5948104442.435 -2.000000e+002 4.500000e+001 -4.617657e+001 1.681845e+002 -2.000000e+002 4.500000e+001 -2.000000e+002 4.500000e+001
5973380094.0825 -2.000000e+002 4.500000e+001 -4.724659e+001 4.675607e+001 -2.000000e+002 4.500000e+001 -2.000000e+002 4.500000e+001
5998655745.73 -2.000000e+002 4.500000e+001 -4.930128e+001 -8.948382e+001 -2.000000e+002 4.500000e+001 -2.000000e+002 4.500000e+001
6023931397.3775 -2.000000e+002 4.500000e+001 -5.253942e+001 9.653239e+001 -2.000000e+002 4.500000e+001 -2.000000e+002 4.500000e+001
6049207049.025 -2.000000e+002 4.500000e+001 -4.977139e+001 -5.375197e+001 -2.000000e+002 4.500000e+001 -2.000000e+002 4.500000e+001
6074482700.6725 -2.000000e+002 4.500000e+001 -4.533452e+001 1.499214e+002 -2.000000e+002 4.500000e+001 -2.000000e+002 4.500000e+001
6099758352.32 -2.000000e+002 4.500000e+001 -4.438102e+001 3.369822e+001 -2.000000e+002 4.500000e+001 -2.000000e+002 4.500000e+001
6125034003.9675 -2.000000e+002 4.500000e+001 -4.244231e+001 -7.832906e+001 -2.000000e+002 4.500000e+001 -2.000000e+002 4.500000e+001
6150309655.615 -2.000000e+002 4.500000e+001 -3.984877e+001 1.652373e+002 -2.000000e+002 4.500000e+001 -2.000000e+002 4.500000e+001
6175585307.2625 -2.000000e+002 4.500000e+001 -3.919347e+001 4.496368e+001 -2.000000e+002 4.500000e+001 -2.000000e+002 4.500000e+001
6200860958.91 -2.000000e+002 4.500000e+001 -3.873982e+001 -6.897041e+001 -2.000000e+002 4.500000e+001 -2.000000e+002 4.500000e+001
6226136610.5575 -2.000000e+002 4.500000e+001 -3.791808e+001 1.766081e+002 -2.000000e+002 4.500000e+001 -2.000000e+002 4.500000e+001
6251412262.205 -2.000000e+002 4.500000e+001 -3.732697e+001 5.908290e+001 -2.000000e+002 4.500000e+001 -2.000000e+002 4.500000e+001
6276687913.8525 -2.000000e+002 4.500000e+001 -3.728901e+001 -6.036860e+001 -2.000000e+002 4.500000e+001 -2.000000e+002 4.500000e+001
6301963565.5 -2.000000e+002 4.500000e+001 -3.751625e+001 -1.767478e+002 -2.000000e+002 4.500000e+001 -2.000000e+002 4.500000e+001
6327239217.1475 -2.000000e+002 4.500000e+001 -3.820647e+001 7.499214e+001 -2.000000e+002 4.500000e+001 -2.000000e+002 4.500000e+001
6352514868.795 -2.000000e+002 4.500000e+001 -3.711913e+001 -3.578471e+001 -2.000000e+002 4.500000e+001 -2.000000e+002 4.500000e+001
6377790520.4425 -2.000000e+002 4.500000e+001 -3.729105e+001 -1.463713e+002 -2.000000e+002 4.500000e+001 -2.000000e+002 4.500000e+001
6403066172.09 -2.000000e+002 4.500000e+001 -3.563660e+001 1.042974e+002 -2.000000e+002 4.500000e+001 -2.000000e+002 4.500000e+001
6428341823.7375 -2.000000e+002 4.500000e+001 -3.588017e+001 -1.238578e+001 -2.000000e+002 4.500000e+001 -2.000000e+002 4.500000e+001
6453617475.385 -2.000000e+002 4.500000e+001 -3.622778e+001 -1.278995e+002 -2.000000e+002 4.500000e+001 -2.000000e+002 4.500000e+001
6478893127.0325 -2.000000e+002 4.500000e+001 -3.756675e+001 1.230375e+002 -2.000000e+002 4.500000e+001 -2.000000e+002 4.500000e+001
6504168778.68 -2.000000e+002 4.500000e+001 -3.827661e+001 1.160006e+001 -2.000000e+002 4.500000e+001 -2.000000e+002 4.500000e+001
6529444430.3275 -2.000000e+002 4.500000e+001 -3.972120e+001 -1.021028e+002 -2.000000e+002 4.500000e+001 -2.000000e+002 4.500000e+001
6554720081.975 -2.000000e+002 4.500000e+001 -4.167052e+001 1.454238e+002 -2.000000e+002 4.500000e+001 -2.000000e+002 4.500000e+001
6579995733.6225 -2.000000e+002 4.500000e+001 -4.484209e+001 4.546794e+001 -2.000000e+002 4.500000e+001 -2.000000e+002 4.500000e+001
6605271385.27 -2.000000e+002 4.500000e+001 -4.656700e+001 -4.476508e+001 -2.000000e+002 4.500000e+001 -2.000000e+002 4.500000e+001
6630547036.9175 -2.000000e+002 4.500000e+001 -4.616270e+001 -1.431815e+002 -2.000000e+002 4.500000e+001 -2.000000e+002 4.500000e+001
6655822688.565 -2.000000e+002 4.500000e+001 -4.613267e+001 1.047268e+002 -2.000000e+002 4.500000e+001 -2.000000e+002 4.500000e+001
6681098340.2125 -2.000000e+002 4.500000e+001 -4.904528e+001 -1.551709e+001 -2.000000e+002 4.500000e+001 -2.000000e+002 4.500000e+001
6706373991.86 -2.000000e+002 4.500000e+001 -5.264734e+001 -9.953977e+001 -2.000000e+002 4.500000e+001 -2.000000e+002 4.500000e+001
6731649643.5075 -2.000000e+002 4.500000e+001 -5.436257e+001 1.485956e+002 -2.000000e+002 4.500000e+001 -2.000000e+002 4.500000e+001
6756925295.155 -2.000000e+002 4.500000e+001 -5.616309e+001 5.844951e+001 -2.000000e+002 4.500000e+001 -2.000000e+002 4.500000e+001
6782200946.8025 -2.000000e+002 4.500000e+001 -6.087914e+001 -4.070273e+001 -2.000000e+002 4.500000e+001 -2.000000e+002 4.500000e+001
6807476598.45 -2.000000e+002 4.500000e+001 -6.024953e+001 -1.138004e+002 -2.000000e+002 4.500000e+001 -2.000000e+002 4.500000e+001
6832752250.0975 -2.000000e+002 4.500000e+001 -5.684410e+001 -1.657007e+002 -2.000000e+002 4.500000e+001 -2.000000e+002 4.500000e+001
6858027901.745 -2.000000e+002 4.500000e+001 -5.018828e+001 6.318832e+001 -2.000000e+002 4.500000e+001 -2.000000e+002 4.500000e+001
6883303553.3925 -2.000000e+002 4.500000e+001 -4.833908e+001 -4.623857e+001 -2.000000e+002 4.500000e+001 -2.000000e+002 4.500000e+001
6908579205.04 -2.000000e+002 4.500000e+001 -4.700634e+001 -1.718229e+002 -2.000000e+002 4.500000e+001 -2.000000e+002 4.500000e+001
6933854856.6875 -2.000000e+002 4.500000e+001 -4.697905e+001 6.905354e+001 -2.000000e+002 4.500000e+001 -2.000000e+002 4.500000e+001
6959130508.335 -2.000000e+002 4.500000e+001 -4.805886e+001 -6.306228e+001 -2.000000e+002 4.500000e+001 -2.000000e+002 4.500000e+001
6984406159.9825 -2.000000e+002 4.500000e+001 -4.961012e+001 1.561808e+002 -2.000000e+002 4.500000e+001 -2.000000e+002 4.500000e+001
7009681811.63 -2.000000e+002 4.500000e+001 -5.350158e+001 1.213445e+001 -2.000000e+002 4.500000e+001 -2.000000e+002 4.500000e+001
7034957463.2775 -2.000000e+002 4.500000e+001 -5.149258e+001 -1.398815e+002 -2.000000e+002 4.500000e+001 -2.000000e+002 4.500000e+001
7060233114.925 -2.000000e+002 4.500000e+001 -5.025938e+001 7.833968e+001 -2.000000e+002 4.500000e+001 -2.000000e+002 4.500000e+001
7085508766.5725 -2.000000e+002 4.500000e+001 -5.012571e+001 -5.406653e+001 -2.000000e+002 4.500000e+001 -2.000000e+002 4.500000e+001
7110784418.22 -2.000000e+002 4.500000e+001 -5.272821e+001 -1.497977e+002 -2.000000e+002 4.500000e+001 -2.000000e+002 4.500000e+001
7136060069.8675 -2.000000e+002 4.500000e+001 -5.153986e+001 1.075962e+002 -2.000000e+002 4.500000e+001 -2.000000e+002 4.500000e+001
7161335721.515 -2.000000e+002 4.500000e+001 -5.208650e+001 2.453353e+001 -2.000000e+002 4.500000e+001 -2.000000e+002 4.500000e+001
7186611373.1625 -2.000000e+002 4.500000e+001 -5.068148e+001 -6.782866e+001 -2.000000e+002 4.500000e+001 -2.000000e+002 4.500000e+001
7211887024.81 -2.000000e+002 4.500000e+001 -5.047686e+001 -1.662126e+002 -2.000000e+002 4.500000e+001 -2.000000e+002 4.500000e+001
7237162676.4575 -2.000000e+002 4.500000e+001 -4.466851e+001 1.021964e+002 -2.000000e+002 4.500000e+001 -2.000000e+002 4.500000e+001
7262438328.105 -2.000000e+002 4.500000e+001 -4.480997e+001 -2.966567e+001 -2.000000e+002 4.500000e+001 -2.000000e+002 4.500000e+001
7287713979.7525 -2.000000e+002 4.500000e+001 -4.560325e+001 -1.409918e+002 -2.000000e+002 4.500000e+001 -2.000000e+002 4.500000e+001
7312989631.4 -2.000000e+002 4.500000e+001 -4.665054e+001 1.104156e+002 -2.000000e+002 4.500000e+001 -2.000000e+002 4.500000e+001
7338265283.0475 -2.000000e+002 4.500000e+001 -4.842216e+001 7.528558e+000 -2.000000e+002 4.500000e+001 -2.000000e+002 4.500000e+001
7363540934.695 -2.000000e+002 4.500000e+001 -4.662179e+001 -8.821761e+001 -2.000000e+002 4.500000e+001 -2.000000e+002 4.500000e+001
7388816586.3425 -2.000000e+002 4.500000e+001 -4.494832e+001 1.572858e+002 -2.000000e+002 4.500000e+001 -2.000000e+002 4.500000e+001
7414092237.99 -2.000000e+002 4.500000e+001 -4.584175e+001 5.279693e+001 -2.000000e+002 4.500000e+001 -2.000000e+002 4.500000e+001
7439367889.6375 -2.000000e+002 4.500000e+001 -4.345369e+001 -4.253097e+001 -2.000000e+002 4.500000e+001 -2.000000e+002 4.500000e+001
7464643541.285 -2.000000e+002 4.500000e+001 -4.100085e+001 -1.572776e+002 -2.000000e+002 4.500000e+001 -2.000000e+002 4.500000e+001
7489919192.9325 -2.000000e+002 4.500000e+001 -4.032247e+001 8.865616e+001 -2.000000e+002 4.500000e+001 -2.000000e+002 4.500000e+001
7515194844.58 -2.000000e+002 4.500000e+001 -4.039694e+001 -1.830340e+001 -2.000000e+002 4.500000e+001 -2.000000e+002 4.500000e+001
7540470496.2275 -2.000000e+002 4.500000e+001 -3.891851e+001 -1.256651e+002 -2.000000e+002 4.500000e+001 -2.000000e+002 4.500000e+001
7565746147.875 -2.000000e+002 4.500000e+001 -3.721848e+001 1.237219e+002 -2.000000e+002 4.500000e+001 -2.000000e+002 4.500000e+001
7591021799.5225 -2.000000e+002 4.500000e+001 -3.659975e+001 6.363153e-001 -2.000000e+002 4.500000e+001 -2.000000e+002 4.500000e+001
7616297451.17 -2.000000e+002 4.500000e+001 -3.737498e+001 -1.130222e+002 -2.000000e+002 4.500000e+001 -2.000000e+002 4.500000e+001
7641573102.8175 -2.000000e+002 4.500000e+001 -3.909813e+001 1.363185e+002 -2.000000e+002 4.500000e+001 -2.000000e+002 4.500000e+001
7666848754.465 -2.000000e+002 4.500000e+001 -4.074524e+001 2.731956e+001 -2.000000e+002 4.500000e+001 -2.000000e+002 4.500000e+001
7692124406.1125 -2.000000e+002 4.500000e+001 -4.400625e+001 -6.717735e+001 -2.000000e+002 4.500000e+001 -2.000000e+002 4.500000e+001
7717400057.76 -2.000000e+002 4.500000e+001 -4.224770e+001 -1.511376e+002 -2.000000e+002 4.500000e+001 -2.000000e+002 4.500000e+001
7742675709.4075 -2.000000e+002 4.500000e+001 -4.028330e+001 1.003697e+002 -2.000000e+002 4.500000e+001 -2.000000e+002 4.500000e+001
7767951361.055 -2.000000e+002 4.500000e+001 -4.026085e+001 -6.116708e+000 -2.000000e+002 4.500000e+001 -2.000000e+002 4.500000e+001
7793227012.7025 -2.000000e+002 4.500000e+001 -3.956728e+001 -1.137146e+002 -2.000000e+002 4.500000e+001 -2.000000e+002 4.500000e+001
7818502664.35 -2.000000e+002 4.500000e+001 -3.874019e+001 1.418626e+002 -2.000000e+002 4.500000e+001 -2.000000e+002 4.500000e+001
7843778315.9975 -2.000000e+002 4.500000e+001 -3.802372e+001 2.841797e+001 -2.000000e+002 4.500000e+001 -2.000000e+002 4.500000e+001
7869053967.645 -2.000000e+002 4.500000e+001 -3.787461e+001 -8.605202e+001 -2.000000e+002 4.500000e+001 -2.000000e+002 4.500000e+001
7894329619.2925 -2.000000e+002 4.500000e+001 -3.922155e+001 1.628316e+002 -2.000000e+002 4.500000e+001 -2.000000e+002 4.500000e+001
7919605270.94 -2.000000e+002 4.500000e+001 -3.941187e+001 5.896668e+001 -2.000000e+002 4.500000e+001 -2.000000e+002 4.500000e+001
7944880922.5875 -2.000000e+002 4.500000e+001 -3.989796e+001 -4.874603e+001 -2.000000e+002 4.500000e+001 -2.000000e+002 4.500000e+001
7970156574.235 -2.000000e+002 4.500000e+001 -3.978876e+001 -1.526643e+002 -2.000000e+002 4.500000e+001 -2.000000e+002 4.500000e+001
7995432225.8825 -2.000000e+002 4.500000e+001 -3.974651e+001 9.758390e+001 -2.000000e+002 4.500000e+001 -2.000000e+002 4.500000e+001
8020707877.53 -2.000000e+002 4.500000e+001 -3.994718e+001 -9.960477e+000 -2.000000e+002 4.500000e+001 -2.000000e+002 4.500000e+001
8045983529.1775 -2.000000e+002 4.500000e+001 -3.958037e+001 -1.170018e+002 -2.000000e+002 4.500000e+001 -2.000000e+002 4.500000e+001
8071259180.825 -2.000000e+002 4.500000e+001 -3.967559e+001 1.300385e+002 -2.000000e+002 4.500000e+001 -2.000000e+002 4.500000e+001
8096534832.4725 -2.000000e+002 4.500000e+001 -3.955342e+001 2.773672e+001 -2.000000e+002 4.500000e+001 -2.000000e+002 4.500000e+001
8121810484.12 -2.000000e+002 4.500000e+001 -3.869874e+001 -8.059640e+001 -2.000000e+002 4.500000e+001 -2.000000e+002 4.500000e+001
8147086135.7675 -2.000000e+002 4.500000e+001 -3.710878e+001 1.695667e+002 -2.000000e+002 4.500000e+001 -2.000000e+002 4.500000e+001
8172361787.415 -2.000000e+002 4.500000e+001 -3.635676e+001 5.181385e+001 -2.000000e+002 4.500000e+001 -2.000000e+002 4.500000e+001
8197637439.0625 -2.000000e+002 4.500000e+001 -3.601018e+001 -6.315912e+001 -2.000000e+002 4.500000e+001 -2.000000e+002 4.500000e+001
8222913090.71 -2.000000e+002 4.500000e+001 -3.647400e+001 1.782125e+002 -2.000000e+002 4.500000e+001 -2.000000e+002 4.500000e+001
8248188742.3575 -2.000000e+002 4.500000e+001 -3.715842e+001 6.767544e+001 -2.000000e+002 4.500000e+001 -2.000000e+002 4.500000e+001
8273464394.005 -2.000000e+002 4.500000e+001 -3.795252e+001 -4.405885e+001 -2.000000e+002 4.500000e+001 -2.000000e+002 4.500000e+001
8298740045.6525 -2.000000e+002 4.500000e+001 -3.806176e+001 -1.558309e+002 -2.000000e+002 4.500000e+001 -2.000000e+002 4.500000e+001
8324015697.3 -2.000000e+002 4.500000e+001 -3.930561e+001 8.747296e+001 -2.000000e+002 4.500000e+001 -2.000000e+002 4.500000e+001
8349291348.9475 -2.000000e+002 4.500000e+001 -4.129271e+001 -2.168135e+001 -2.000000e+002 4.500000e+001 -2.000000e+002 4.500000e+001
8374567000.595 -2.000000e+002 4.500000e+001 -4.215541e+001 -1.304891e+002 -2.000000e+002 4.500000e+001 -2.000000e+002 4.500000e+001
8399842652.2425 -2.000000e+002 4.500000e+001 -4.364582e+001 1.178139e+002 -2.000000e+002 4.500000e+001 -2.000000e+002 4.500000e+001
8425118303.89 -2.000000e+002 4.500000e+001 -4.463930e+001 -6.320319e+000 -2.000000e+002 4.500000e+001 -2.000000e+002 4.500000e+001
8450393955.5375 -2.000000e+002 4.500000e+001 -4.741382e+001 -1.134830e+002 -2.000000e+002 4.500000e+001 -2.000000e+002 4.500000e+001
8475669607.185 -2.000000e+002 4.500000e+001 -4.864624e+001 1.343638e+002 -2.000000e+002 4.500000e+001 -2.000000e+002 4.500000e+001
8500945258.8325 -2.000000e+002 4.500000e+001 -4.807009e+001 3.340901e+001 -2.000000e+002 4.500000e+001 -2.000000e+002 4.500000e+001
8526220910.48 -2.000000e+002 4.500000e+001 -4.643663e+001 -8.683025e+001 -2.000000e+002 4.500000e+001 -2.000000e+002 4.500000e+001
8551496562.1275 -2.000000e+002 4.500000e+001 -4.615700e+001 1.536170e+002 -2.000000e+002 4.500000e+001 -2.000000e+002 4.500000e+001
8576772213.775 -2.000000e+002 4.500000e+001 -4.566444e+001 3.272148e+001 -2.000000e+002 4.500000e+001 -2.000000e+002 4.500000e+001
8602047865.4225 -2.000000e+002 4.500000e+001 -4.714721e+001 -8.701312e+001 -2.000000e+002 4.500000e+001 -2.000000e+002 4.500000e+001
8627323517.07 -2.000000e+002 4.500000e+001 -4.718596e+001 1.546551e+002 -2.000000e+002 4.500000e+001 -2.000000e+002 4.500000e+001
8652599168.7175 -2.000000e+002 4.500000e+001 -4.982664e+001 2.920377e+001 -2.000000e+002 4.500000e+001 -2.000000e+002 4.500000e+001
8677874820.365 -2.000000e+002 4.500000e+001 -5.313022e+001 -9.110947e+001 -2.000000e+002 4.500000e+001 -2.000000e+002 4.500000e+001
8703150472.0125 -2.000000e+002 4.500000e+001 -5.573568e+001 1.418766e+002 -2.000000e+002 4.500000e+001 -2.000000e+002 4.500000e+001
8728426123.66 -2.000000e+002 4.500000e+001 -5.534888e+001 6.382205e-001 -2.000000e+002 4.500000e+001 -2.000000e+002 4.500000e+001
8753701775.3075 -2.000000e+002 4.500000e+001 -5.288511e+001 -1.435663e+002 -2.000000e+002 4.500000e+001 -2.000000e+002 4.500000e+001
8778977426.955 -2.000000e+002 4.500000e+001 -5.192253e+001 7.244768e+001 -2.000000e+002 4.500000e+001 -2.000000e+002 4.500000e+001
8804253078.6025 -2.000000e+002 4.500000e+001 -5.109742e+001 -4.496569e+001 -2.000000e+002 4.500000e+001 -2.000000e+002 4.500000e+001
8829528730.25 -2.000000e+002 4.500000e+001 -5.472740e+001 -1.772346e+002 -2.000000e+002 4.500000e+001 -2.000000e+002 4.500000e+001
8854804381.8975 -2.000000e+002 4.500000e+001 -5.601299e+001 9.950895e+001 -2.000000e+002 4.500000e+001 -2.000000e+002 4.500000e+001
8880080033.545 -2.000000e+002 4.500000e+001 -5.601011e+001 2.404782e+001 -2.000000e+002 4.500000e+001 -2.000000e+002 4.500000e+001
8905355685.1925 -2.000000e+002 4.500000e+001 -5.029676e+001 -8.371864e+001 -2.000000e+002 4.500000e+001 -2.000000e+002 4.500000e+001
8930631336.84 -2.000000e+002 4.500000e+001 -4.944376e+001 1.643412e+002 -2.000000e+002 4.500000e+001 -2.000000e+002 4.500000e+001
8955906988.4875 -2.000000e+002 4.500000e+001 -4.909414e+001 5.884579e+001 -2.000000e+002 4.500000e+001 -2.000000e+002 4.500000e+001
8981182640.135 -2.000000e+002 4.500000e+001 -4.670004e+001 -3.596902e+001 -2.000000e+002 4.500000e+001 -2.000000e+002 4.500000e+001
9006458291.7825 -2.000000e+002 4.500000e+001 -4.387695e+001 -1.506076e+002 -2.000000e+002 4.500000e+001 -2.000000e+002 4.500000e+001
9031733943.43 -2.000000e+002 4.500000e+001 -4.230539e+001 8.971262e+001 -2.000000e+002 4.500000e+001 -2.000000e+002 4.500000e+001
9057009595.0775 -2.000000e+002 4.500000e+001 -4.232475e+001 -2.460937e+001 -2.000000e+002 4.500000e+001 -2.000000e+002 4.500000e+001
9082285246.725 -2.000000e+002 4.500000e+001 -4.241785e+001 -1.275316e+002 -2.000000e+002 4.500000e+001 -2.000000e+002 4.500000e+001
9107560898.3725 -2.000000e+002 4.500000e+001 -4.033041e+001 1.302003e+002 -2.000000e+002 4.500000e+001 -2.000000e+002 4.500000e+001
9132836550.02 -2.000000e+002 4.500000e+001 -3.891225e+001 1.127855e+001 -2.000000e+002 4.500000e+001 -2.000000e+002 4.500000e+001
9158112201.6675 -2.000000e+002 4.500000e+001 -3.954554e+001 -1.018254e+002 -2.000000e+002 4.500000e+001 -2.000000e+002 4.500000e+001
9183387853.315 -2.000000e+002 4.500000e+001 -3.971701e+001 1.513728e+002 -2.000000e+002 4.500000e+001 -2.000000e+002 4.500000e+001
9208663504.9625 -2.000000e+002 4.500000e+001 -3.907167e+001 5.051501e+001 -2.000000e+002 4.500000e+001 -2.000000e+002 4.500000e+001
9233939156.61 -2.000000e+002 4.500000e+001 -3.746661e+001 -6.148000e+001 -2.000000e+002 4.500000e+001 -2.000000e+002 4.500000e+001
9259214808.2575 -2.000000e+002 4.500000e+001 -3.671777e+001 -1.787442e+002 -2.000000e+002 4.500000e+001 -2.000000e+002 4.500000e+001
9284490459.905 -2.000000e+002 4.500000e+001 -3.728929e+001 6.263497e+001 -2.000000e+002 4.500000e+001 -2.000000e+002 4.500000e+001
9309766111.5525 -2.000000e+002 4.500000e+001 -3.810546e+001 -4.937254e+001 -2.000000e+002 4.500000e+001 -2.000000e+002 4.500000e+001
9335041763.2 -2.000000e+002 4.500000e+001 -3.837011e+001 -1.578907e+002 -2.000000e+002 4.500000e+001 -2.000000e+002 4.500000e+001
9360317414.8475 -2.000000e+002 4.500000e+001 -3.812788e+001 8.785203e+001 -2.000000e+002 4.500000e+001 -2.000000e+002 4.500000e+001
9385593066.495 -2.000000e+002 4.500000e+001 -3.863026e+001 -2.704679e+001 -2.000000e+002 4.500000e+001 -2.000000e+002 4.500000e+001
9410868718.1425 -2.000000e+002 4.500000e+001 -4.039766e+001 -1.388571e+002 -2.000000e+002 4.500000e+001 -2.000000e+002 4.500000e+001
9436144369.79 -2.000000e+002 4.500000e+001 -4.133759e+001 1.195788e+002 -2.000000e+002 4.500000e+001 -2.000000e+002 4.500000e+001
9461420021.4375 -2.000000e+002 4.500000e+001 -4.007024e+001 1.763169e+001 -2.000000e+002 4.500000e+001 -2.000000e+002 4.500000e+001
9486695673.085 -2.000000e+002 4.500000e+001 -4.018170e+001 -9.482800e+001 -2.000000e+002 4.500000e+001 -2.000000e+002 4.500000e+001
9511971324.7325 -2.000000e+002 4.500000e+001 -4.025533e+001 1.568448e+002 -2.000000e+002 4.500000e+001 -2.000000e+002 4.500000e+001
9537246976.38 -2.000000e+002 4.500000e+001 -3.992001e+001 4.437351e+001 -2.000000e+002 4.500000e+001 -2.000000e+002 4.500000e+001
9562522628.0275 -2.000000e+002 4.500000e+001 -4.051004e+001 -7.154887e+001 -2.000000e+002 4.500000e+001 -2.000000e+002 4.500000e+001
9587798279.675 -2.000000e+002 4.500000e+001 -4.144392e+001 1.749456e+002 -2.000000e+002 4.500000e+001 -2.000000e+002 4.500000e+001
9613073931.3225 -2.000000e+002 4.500000e+001 -4.288599e+001 5.799240e+001 -2.000000e+002 4.500000e+001 -2.000000e+002 4.500000e+001
9638349582.97 -2.000000e+002 4.500000e+001 -4.561214e+001 -5.420959e+001 -2.000000e+002 4.500000e+001 -2.000000e+002 4.500000e+001
9663625234.6175 -2.000000e+002 4.500000e+001 -4.807270e+001 -1.595233e+002 -2.000000e+002 4.500000e+001 -2.000000e+002 4.500000e+001
9688900886.265 -2.000000e+002 4.500000e+001 -5.052503e+001 1.051772e+002 -2.000000e+002 4.500000e+001 -2.000000e+002 4.500000e+001
9714176537.9125 -2.000000e+002 4.500000e+001 -4.936951e+001 -3.467059e+000 -2.000000e+002 4.500000e+001 -2.000000e+002 4.500000e+001
9739452189.56 -2.000000e+002 4.500000e+001 -5.055465e+001 -1.179182e+002 -2.000000e+002 4.500000e+001 -2.000000e+002 4.500000e+001
9764727841.2075 -2.000000e+002 4.500000e+001 -5.317381e+001 1.356093e+002 -2.000000e+002 4.500000e+001 -2.000000e+002 4.500000e+001
9790003492.855 -2.000000e+002 4.500000e+001 -5.380402e+001 3.898651e+001 -2.000000e+002 4.500000e+001 -2.000000e+002 4.500000e+001
9815279144.5025 -2.000000e+002 4.500000e+001 -5.166976e+001 -7.104828e+001 -2.000000e+002 4.500000e+001 -2.000000e+002 4.500000e+001
9840554796.15 -2.000000e+002 4.500000e+001 -5.222911e+001 1.749283e+002 -2.000000e+002 4.500000e+001 -2.000000e+002 4.500000e+001
9865830447.7975 -2.000000e+002 4.500000e+001 -5.113313e+001 6.198272e+001 -2.000000e+002 4.500000e+001 -2.000000e+002 4.500000e+001
9891106099.445 -2.000000e+002 4.500000e+001 -5.136308e+001 -5.514175e+001 -2.000000e+002 4.500000e+001 -2.000000e+002 4.500000e+001
9916381751.0925 -2.000000e+002 4.500000e+001 -5.048818e+001 -1.627106e+002 -2.000000e+002 4.500000e+001 -2.000000e+002 4.500000e+001
9941657402.74 -2.000000e+002 4.500000e+001 -4.782477e+001 7.214324e+001 -2.000000e+002 4.500000e+001 -2.000000e+002 4.500000e+001
9966933054.3875 -2.000000e+002 4.500000e+001 -4.733206e+001 -6.320844e+001 -2.000000e+002 4.500000e+001 -2.000000e+002 4.500000e+001
9992208706.035 -2.000000e+002 4.500000e+001 -4.619139e+001 1.736278e+002 -2.000000e+002 4.500000e+001 -2.000000e+002 4.500000e+001
10017484357.683 -2.000000e+002 4.500000e+001 -4.710849e+001 6.369682e+001 -2.000000e+002 4.500000e+001 -2.000000e+002 4.500000e+001
10042760009.33 -2.000000e+002 4.500000e+001 -4.331722e+001 -5.315152e+001 -2.000000e+002 4.500000e+001 -2.000000e+002 4.500000e+001
10068035660.978 -2.000000e+002 4.500000e+001 -4.316077e+001 1.665465e+002 -2.000000e+002 4.500000e+001 -2.000000e+002 4.500000e+001
10093311312.625 -2.000000e+002 4.500000e+001 -4.476835e+001 4.127369e+001 -2.000000e+002 4.500000e+001 -2.000000e+002 4.500000e+001
10118586964.273 -2.000000e+002 4.500000e+001 -4.604532e+001 -8.808153e+001 -2.000000e+002 4.500000e+001 -2.000000e+002 4.500000e+001
10143862615.92 -2.000000e+002 4.500000e+001 -4.849459e+001 1.641806e+002 -2.000000e+002 4.500000e+001 -2.000000e+002 4.500000e+001
10169138267.568 -2.000000e+002 4.500000e+001 -4.979451e+001 5.183175e+001 -2.000000e+002 4.500000e+001 -2.000000e+002 4.500000e+001
10194413919.215 -2.000000e+002 4.500000e+001 -5.275885e+001 -5.046310e+001 -2.000000e+002 4.500000e+001 -2.000000e+002 4.500000e+001
10219689570.863 -2.000000e+002 4.500000e+001 -5.183555e+001 -1.622789e+002 -2.000000e+002 4.500000e+001 -2.000000e+002 4.500000e+001
10244965222.51 -2.000000e+002 4.500000e+001 -5.482834e+001 1.054108e+002 -2.000000e+002 4.500000e+001 -2.000000e+002 4.500000e+001
10270240874.158 -2.000000e+002 4.500000e+001 -5.337459e+001 -9.981373e-001 -2.000000e+002 4.500000e+001 -2.000000e+002 4.500000e+001
10295516525.805 -2.000000e+002 4.500000e+001 -5.356449e+001 -1.007929e+002 -2.000000e+002 4.500000e+001 -2.000000e+002 4.500000e+001
10320792177.452 -2.000000e+002 4.500000e+001 -5.349811e+001 1.467350e+002 -2.000000e+002 4.500000e+001 -2.000000e+002 4.500000e+001
10346067829.1 -2.000000e+002 4.500000e+001 -5.502060e+001 4.412464e+001 -2.000000e+002 4.500000e+001 -2.000000e+002 4.500000e+001
10371343480.747 -2.000000e+002 4.500000e+001 -5.389477e+001 -5.028436e+001 -2.000000e+002 4.500000e+001 -2.000000e+002 4.500000e+001
10396619132.395 -2.000000e+002 4.500000e+001 -5.275254e+001 -1.524280e+002 -2.000000e+002 4.500000e+001 -2.000000e+002 4.500000e+001
10421894784.043 -2.000000e+002 4.500000e+001 -5.089616e+001 1.041055e+002 -2.000000e+002 4.500000e+001 -2.000000e+002 4.500000e+001
10447170435.69 -2.000000e+002 4.500000e+001 -5.166072e+001 -1.742585e+001 -2.000000e+002 4.500000e+001 -2.000000e+002 4.500000e+001
10472446087.338 -2.000000e+002 4.500000e+001 -5.107445e+001 -1.165396e+002 -2.000000e+002 4.500000e+001 -2.000000e+002 4.500000e+001
10497721738.985 -2.000000e+002 4.500000e+001 -5.374210e+001 1.232358e+002 -2.000000e+002 4.500000e+001 -2.000000e+002 4.500000e+001
10522997390.633 -2.000000e+002 4.500000e+001 -5.535788e+001 3.728482e+001 -2.000000e+002 4.500000e+001 -2.000000e+002 4.500000e+001
10548273042.28 -2.000000e+002 4.500000e+001 -5.615931e+001 -5.492429e+001 -2.000000e+002 4.500000e+001 -2.000000e+002 4.500000e+001
10573548693.928 -2.000000e+002 4.500000e+001 -5.612717e+001 -1.480677e+002 -2.000000e+002 4.500000e+001 -2.000000e+002 4.500000e+001
10598824345.575 -2.000000e+002 4.500000e+001 -5.610187e+001 1.184477e+002 -2.000000e+002 4.500000e+001 -2.000000e+002 4.500000e+001
10624099997.223 -2.000000e+002 4.500000e+001 -5.372402e+001 3.735852e+001 -2.000000e+002 4.500000e+001 -2.000000e+002 4.500000e+001
10649375648.87 -2.000000e+002 4.500000e+001 -5.027139e+001 -6.963139e+001 -2.000000e+002 4.500000e+001 -2.000000e+002 4.500000e+001
10674651300.518 -2.000000e+002 4.500000e+001 -4.716690e+001 -1.794837e+002 -2.000000e+002 4.500000e+001 -2.000000e+002 4.500000e+001
10699926952.165 -2.000000e+002 4.500000e+001 -4.723750e+001 5.441545e+001 -2.000000e+002 4.500000e+001 -2.000000e+002 4.500000e+001
10725202603.813 -2.000000e+002 4.500000e+001 -4.739041e+001 -6.163697e+001 -2.000000e+002 4.500000e+001 -2.000000e+002 4.500000e+001
10750478255.46 -2.000000e+002 4.500000e+001 -4.855470e+001 1.690848e+002 -2.000000e+002 4.500000e+001 -2.000000e+002 4.500000e+001
10775753907.108 -2.000000e+002 4.500000e+001 -5.348203e+001 5.067988e+001 -2.000000e+002 4.500000e+001 -2.000000e+002 4.500000e+001
10801029558.755 -2.000000e+002 4.500000e+001 -5.918028e+001 -5.344416e+001 -2.000000e+002 4.500000e+001 -2.000000e+002 4.500000e+001
10826305210.403 -2.000000e+002 4.500000e+001 -7.454990e+001 2.984301e+001 -2.000000e+002 4.500000e+001 -2.000000e+002 4.500000e+001
10851580862.05 -2.000000e+002 4.500000e+001 -5.514275e+001 -1.427628e+002 -2.000000e+002 4.500000e+001 -2.000000e+002 4.500000e+001
10876856513.698 -2.000000e+002 4.500000e+001 -5.193871e+001 9.502180e+001 -2.000000e+002 4.500000e+001 -2.000000e+002 4.500000e+001
10902132165.345 -2.000000e+002 4.500000e+001 -5.342783e+001 -3.735231e+001 -2.000000e+002 4.500000e+001 -2.000000e+002 4.500000e+001
10927407816.993 -2.000000e+002 4.500000e+001 -5.381318e+001 -1.398700e+002 -2.000000e+002 4.500000e+001 -2.000000e+002 4.500000e+001
10952683468.64 -2.000000e+002 4.500000e+001 -5.724862e+001 1.232200e+002 -2.000000e+002 4.500000e+001 -2.000000e+002 4.500000e+001
10977959120.288 -2.000000e+002 4.500000e+001 -5.520127e+001 3.221957e+001 -2.000000e+002 4.500000e+001 -2.000000e+002 4.500000e+001
11003234771.935 -2.000000e+002 4.500000e+001 -5.462967e+001 -6.397329e+001 -2.000000e+002 4.500000e+001 -2.000000e+002 4.500000e+001
11028510423.583 -2.000000e+002 4.500000e+001 -5.181154e+001 -1.610486e+002 -2.000000e+002 4.500000e+001 -2.000000e+002 4.500000e+001
11053786075.23 -2.000000e+002 4.500000e+001 -5.040108e+001 8.775795e+001 -2.000000e+002 4.500000e+001 -2.000000e+002 4.500000e+001
11079061726.878 -2.000000e+002 4.500000e+001 -4.914753e+001 -1.340577e+001 -2.000000e+002 4.500000e+001 -2.000000e+002 4.500000e+001
11104337378.525 -2.000000e+002 4.500000e+001 -4.654143e+001 -1.278657e+002 -2.000000e+002 4.500000e+001 -2.000000e+002 4.500000e+001
11129613030.173 -2.000000e+002 4.500000e+001 -4.620673e+001 1.154406e+002 -2.000000e+002 4.500000e+001 -2.000000e+002 4.500000e+001
11154888681.82 -2.000000e+002 4.500000e+001 -4.575436e+001 4.276583e+000 -2.000000e+002 4.500000e+001 -2.000000e+002 4.500000e+001
11180164333.468 -2.000000e+002 4.500000e+001 -4.539695e+001 -1.089746e+002 -2.000000e+002 4.500000e+001 -2.000000e+002 4.500000e+001
11205439985.115 -2.000000e+002 4.500000e+001 -4.563784e+001 1.365178e+002 -2.000000e+002 4.500000e+001 -2.000000e+002 4.500000e+001
11230715636.763 -2.000000e+002 4.500000e+001 -4.618911e+001 2.619087e+001 -2.000000e+002 4.500000e+001 -2.000000e+002 4.500000e+001
11255991288.41 -2.000000e+002 4.500000e+001 -4.633353e+001 -7.430757e+001 -2.000000e+002 4.500000e+001 -2.000000e+002 4.500000e+001
11281266940.058 -2.000000e+002 4.500000e+001 -4.389704e+001 1.796948e+002 -2.000000e+002 4.500000e+001 -2.000000e+002 4.500000e+001
11306542591.705 -2.000000e+002 4.500000e+001 -4.384434e+001 6.205998e+001 -2.000000e+002 4.500000e+001 -2.000000e+002 4.500000e+001
11331818243.353 -2.000000e+002 4.500000e+001 -4.412574e+001 -4.328754e+001 -2.000000e+002 4.500000e+001 -2.000000e+002 4.500000e+001
11357093895 -2.000000e+002 4.500000e+001 -4.325389e+001 -1.439945e+002 -2.000000e+002 4.500000e+001 -2.000000e+002 4.500000e+001
